0.000000000000000000e+00 -4.534094488607459845e-05
1.218026796589524903e-03 -1.710425243203145078e-04
2.436053593179049806e-03 -3.600526531364100558e-04
3.654080389768574709e-03 -5.936635151187773024e-04
4.872107186358099612e-03 -8.520394299782959886e-04
6.090133982947624515e-03 -1.114720916075022730e-03
7.308160779537149418e-03 -1.360905144521297634e-03
8.526187576126675188e-03 -1.569189610452918597e-03
9.744214372716199224e-03 -1.717010997646200611e-03
1.096224116930572326e-02 -1.778944864489025255e-03
1.218026796589524903e-02 -1.733294146539406718e-03
1.339829476248477480e-02 -1.553501417566404948e-03
1.461632155907429884e-02 -1.217662259022687628e-03
1.583434835566382287e-02 -7.065289928176902512e-04
1.705237515225335038e-02 -3.701432022278909898e-06
1.827040194884287441e-02 9.049050681633157142e-04
1.948842874543239845e-02 2.032679075063313547e-03
2.070645554202192248e-02 3.395201434621714087e-03
2.192448233861144652e-02 5.012224845696101709e-03
2.314250913520097402e-02 6.906832609216805377e-03
2.436053593179049806e-02 9.099901139367812947e-03
2.557856272838002210e-02 1.159974532338206056e-02
2.679658952496954960e-02 1.439872379393366576e-02
2.801461632155907364e-02 1.747724686976578901e-02
2.923264311814859767e-02 2.080720930747738742e-02
3.045066991473812171e-02 2.435886282691937521e-02
3.166869671132764574e-02 2.810963235394924389e-02
3.288672350791717325e-02 3.204707011639391229e-02
3.410475030450670075e-02 3.616013961026003781e-02
3.532277710109622132e-02 4.042790400774987081e-02
3.654080389768574882e-02 4.482242098836874272e-02
3.775883069427526939e-02 4.930168534941911651e-02
3.897685749086479690e-02 5.382945009962603056e-02
4.019488428745432440e-02 5.838448886363499513e-02
4.141291108404384497e-02 6.294931574023328313e-02
4.263093788063337247e-02 6.749820043859976193e-02
4.384896467722289304e-02 7.197729251200948863e-02
4.506699147381242054e-02 7.629318063415994888e-02
4.628501827040194805e-02 8.034546844108186869e-02
4.750304506699146861e-02 8.404969600597572699e-02
4.872107186358099612e-02 8.734025353015904825e-02
4.993909866017052362e-02 9.015772181546331809e-02
5.115712545676004419e-02 9.243691386546917799e-02
5.237515225334957170e-02 9.411207641975179172e-02
5.359317904993909920e-02 9.511461164349993558e-02
5.481120584652861977e-02 9.540851798009505891e-02
5.602923264311814727e-02 9.496073541567104370e-02
5.724725943970766784e-02 9.371805888126243100e-02
5.846528623629719534e-02 9.159629981761598094e-02
5.968331303288672285e-02 8.849886232651936468e-02
6.090133982947624341e-02 8.434668132591839618e-02
6.211936662606577092e-02 7.909080925500155956e-02
6.333739342265529149e-02 7.270662193254051608e-02
6.455542021924481899e-02 6.518636293177412777e-02
6.577344701583434650e-02 5.652745361735946050e-02
6.699147381242387400e-02 4.673521542043033994e-02
6.820950060901340151e-02 3.580627329207149157e-02
6.942752740560291513e-02 2.373168328806618543e-02
7.064555420219244264e-02 1.050472934687663243e-02
7.186358099878197014e-02 -3.873254962360646054e-03
7.308160779537149765e-02 -1.938903697220873898e-02
7.429963459196102515e-02 -3.600564145774086400e-02
7.551766138855053878e-02 -5.364958315847629527e-02
7.673568818514006629e-02 -7.221309245411970668e-02
7.795371498172959379e-02 -9.154664303659379443e-02
7.917174177831912130e-02 -1.114620397776289740e-01
8.038976857490864880e-02 -1.317367890178496592e-01
8.160779537149816243e-02 -1.521202403292792327e-01
8.282582216808768993e-02 -1.723406756124731265e-01
8.404384896467721744e-02 -1.921371734563857847e-01
8.526187576126674494e-02 -2.112757107577958315e-01
8.647990255785627245e-02 -2.295360591961531360e-01
8.769792935444578608e-02 -2.466836112302547290e-01
8.891595615103531358e-02 -2.624335685612100288e-01
9.013398294762484109e-02 -2.764384041408348147e-01
9.135200974421436859e-02 -2.882741551212232300e-01
9.257003654080389610e-02 -2.975066462120596888e-01
9.378806333739342360e-02 -3.038113959731331692e-01
9.500609013398293723e-02 -3.069619751987748280e-01
9.622411693057246473e-02 -3.067547834516750060e-01
9.744214372716199224e-02 -3.029451861993910367e-01
9.866017052375151974e-02 -2.952619885184428195e-01
9.987819732034104725e-02 -2.834801015664240031e-01
1.010962241169305609e-01 -2.674836005360713420e-01
1.023142509135200884e-01 -2.472690810330077649e-01
1.035322777101096159e-01 -2.228899040033898993e-01
1.047503045066991434e-01 -1.944114285613595117e-01
1.059683313032886709e-01 -1.618994140978352314e-01
1.071863580998781984e-01 -1.254969000586739492e-01
1.084043848964677120e-01 -8.551916560712445603e-02
1.096224116930572395e-01 -4.248430020900816062e-02
1.108404384896467670e-01 2.937236751761288390e-03
1.120584652862362945e-01 5.000039038989807783e-02
1.132764920828258220e-01 9.793687894588207210e-02
1.144945188794153357e-01 1.459784344003656198e-01
1.157125456760048632e-01 1.933285757221501477e-01
1.169305724725943907e-01 2.391504860272043731e-01
1.181485992691839182e-01 2.825677083508457699e-01
1.193666260657734457e-01 3.226685815641199828e-01
1.205846528623629593e-01 3.585172902874925738e-01
1.218026796589524868e-01 3.891676500854484577e-01
1.230207064555420143e-01 4.136872405021025934e-01
1.242387332521315418e-01 4.312928579382023786e-01
1.254567600487210555e-01 4.415223910661797424e-01
1.266747868453105830e-01 4.440656780807925030e-01
1.278928136419001105e-01 4.387673976614235860e-01
1.291108404384896380e-01 4.256635490352088658e-01
1.303288672350791655e-01 4.049480176138302578e-01
1.315468940316686930e-01 3.769620252020032813e-01
1.327649208282582205e-01 3.421886707352043699e-01
1.339829476248477480e-01 3.012551650212269561e-01
1.352009744214372755e-01 2.549117472953307817e-01
1.364190012180268030e-01 2.040045451721145542e-01
1.376370280146163028e-01 1.494641742195190748e-01
1.388550548112058303e-01 9.230855290040283767e-02
1.400730816077953578e-01 3.362781747420047485e-02
1.412911084043848853e-01 -2.544273356677385564e-02
1.425091352009744128e-01 -8.374601604086327755e-02
1.437271619975639403e-01 -1.401126919803503401e-01
1.449451887941534678e-01 -1.934008252729956800e-01
1.461632155907429953e-01 -2.425635658291732666e-01
1.473812423873325228e-01 -2.867098564980707920e-01
1.485992691839220503e-01 -3.251506837156744045e-01
1.498172959805115501e-01 -3.574135739779267240e-01
1.510353227771010776e-01 -3.832277913967462868e-01
1.522533495736906051e-01 -4.024502850256347908e-01
1.534713763702801326e-01 -4.150257383304303826e-01
1.546894031668696601e-01 -4.209787411286766701e-01
1.559074299634591876e-01 -4.204210429649021807e-01
1.571254567600487151e-01 -4.135600262082253509e-01
1.583434835566382426e-01 -4.006968283965197108e-01
1.595615103532277701e-01 -3.822288503215794941e-01
1.607795371498172976e-01 -3.586788104528159105e-01
1.619975639464068251e-01 -3.307021085789279002e-01
1.632155907429963249e-01 -2.990054581762754404e-01
1.644336175395858524e-01 -2.643254994869347341e-01
1.656516443361753799e-01 -2.273931071448130614e-01
1.668696711327649074e-01 -1.888724487531372453e-01
1.680876979293544349e-01 -1.493251232295529640e-01
1.693057247259439624e-01 -1.092158803459679917e-01
1.705237515225334899e-01 -6.898590111985400397e-02
1.717417783191230174e-01 -2.909460496235814417e-02
1.729598051157125449e-01 1.003643282499963249e-02
1.741778319123020724e-01 4.802408016308015726e-02
1.753958587088915722e-01 8.451112420982750950e-02
1.766138855054810997e-01 1.191504318179831823e-01
1.778319123020706272e-01 1.515862814834091632e-01
1.790499390986601547e-01 1.814496655524080182e-01
1.802679658952496822e-01 2.084311107866016477e-01
1.814859926918392097e-01 2.323377937958852335e-01
1.827040194884287372e-01 2.531401618737274539e-01
1.839220462850182647e-01 2.709486760100612290e-01
1.851400730816077922e-01 2.859272259402974581e-01
1.863580998781973197e-01 2.981590144611493409e-01
1.875761266747868472e-01 3.076510816485892308e-01
1.887941534713763470e-01 3.143369850861366110e-01
1.900121802679658745e-01 3.181733015436127299e-01
1.912302070645554020e-01 3.191854333527376353e-01
1.924482338611449295e-01 3.174243478972329502e-01
1.936662606577344570e-01 3.130731177081574335e-01
1.948842874543239845e-01 3.063318164252729070e-01
1.961023142509135120e-01 2.974344072722572840e-01
1.973203410475030395e-01 2.866508376458088425e-01
1.985383678440925670e-01 2.742266444448132612e-01
1.997563946406820945e-01 2.603013407508633636e-01
2.009744214372716220e-01 2.449199422361797440e-01
2.021924482338611218e-01 2.281262472417385223e-01
2.034104750304506493e-01 2.100274100449990855e-01
2.046285018270401768e-01 1.907970723275960456e-01
2.058465286236297043e-01 1.706492978907240277e-01
2.070645554202192318e-01 1.498052515434625254e-01
2.082825822168087593e-01 1.284598641656823359e-01
2.095006090133982868e-01 1.067623293923084526e-01
2.107186358099878143e-01 8.483179630881773625e-02
2.119366626065773418e-01 6.279200739470977566e-02
2.131546894031668693e-01 4.078874354127746266e-02
2.143727161997563968e-01 1.894172130239528754e-02
2.155907429963458966e-01 -2.662178783961960307e-03
2.168087697929354241e-01 -2.392806577821325262e-02
2.180267965895249516e-01 -4.479565231794503666e-02
2.192448233861144791e-01 -6.525058169689482157e-02
2.204628501827040066e-01 -8.527727502919760227e-02
2.216808769792935341e-01 -1.048055957449764986e-01
2.228989037758830616e-01 -1.237252729620113290e-01
2.241169305724725891e-01 -1.418700735760862197e-01
2.253349573690621166e-01 -1.590496467584336659e-01
2.265529841656516441e-01 -1.750996655494512222e-01
2.277710109622411438e-01 -1.899146183979367186e-01
2.289890377588306714e-01 -2.034328385963913854e-01
2.302070645554201989e-01 -2.156221623153266043e-01
2.314250913520097264e-01 -2.264435916373572499e-01
2.326431181485992539e-01 -2.358960270224778333e-01
2.338611449451887814e-01 -2.440315845002643536e-01
2.350791717417783089e-01 -2.509109255014200235e-01
2.362971985383678364e-01 -2.565587831817079945e-01
2.375152253349573639e-01 -2.609387562708384567e-01
2.387332521315468914e-01 -2.639654523040987355e-01
2.399512789281364189e-01 -2.655603348839178368e-01
2.411693057247259186e-01 -2.656902470400287486e-01
2.423873325213154462e-01 -2.643662824783494791e-01
2.436053593179049737e-01 -2.615813849624769039e-01
2.448233861144945012e-01 -2.573420518270263524e-01
2.460414129110840287e-01 -2.516928173798507751e-01
2.472594397076735562e-01 -2.446837898977162473e-01
2.484774665042630837e-01 -2.363577638154182869e-01
2.496954933008526112e-01 -2.267313409524722434e-01
2.509135200974421109e-01 -2.157973009438801659e-01
2.521315468940316662e-01 -2.035529935261967405e-01
2.533495736906211659e-01 -1.900252085981442018e-01
2.545676004872107212e-01 -1.752931684274425250e-01
2.557856272838002210e-01 -1.594702985366616421e-01
2.570036540803897762e-01 -1.426702912727056405e-01
2.582216808769792760e-01 -1.249820116374263795e-01
2.594397076735688312e-01 -1.064498183392598579e-01
2.606577344701583310e-01 -8.711493897944637410e-02
2.618757612667478307e-01 -6.701157534293047946e-02
2.630937880633373860e-01 -4.619712936672695780e-02
2.643118148599268857e-01 -2.476888328718064927e-02
2.655298416565164410e-01 -2.872411827926117916e-03
2.667478684531059407e-01 1.931141748078988099e-02
2.679658952496954960e-01 4.160153715871044849e-02
2.691839220462849958e-01 6.385904924519647530e-02
2.704019488428745510e-01 8.600965962147173738e-02
2.716199756394640508e-01 1.080110072730695453e-01
2.728380024360536060e-01 1.298276856705446458e-01
2.740560292326431058e-01 1.513473484904131472e-01
2.752740560292326055e-01 1.723493604036250015e-01
2.764920828258221608e-01 1.925757622814390779e-01
2.777101096224116605e-01 2.118111944966815652e-01
2.789281364190012158e-01 2.299220452538346393e-01
2.801461632155907155e-01 2.468015682037476566e-01
2.813641900121802708e-01 2.623157894789072686e-01
2.825822168087697706e-01 2.762987949314928415e-01
2.838002436053593258e-01 2.885492687635136111e-01
2.850182704019488256e-01 2.988700074876307622e-01
2.862362971985383253e-01 3.070847628535955387e-01
2.874543239951278806e-01 3.130359959073781284e-01
2.886723507917173803e-01 3.165667598830780305e-01
2.898903775883069356e-01 3.175260277632659389e-01
2.911084043848964353e-01 3.157936848473532065e-01
2.923264311814859906e-01 3.112811904765355742e-01
2.935444579780754903e-01 3.039272678484048473e-01
2.947624847746650456e-01 2.936887662021049339e-01
2.959805115712545454e-01 2.805039660190942752e-01
2.971985383678441006e-01 2.643076460763097435e-01
2.984165651644336004e-01 2.450721386575565042e-01
2.996345919610231001e-01 2.228174059170799082e-01
3.008526187576126554e-01 1.976180982687165411e-01
3.020706455542021551e-01 1.695862332438667908e-01
3.032886723507917104e-01 1.388503197554298851e-01
3.045066991473812101e-01 1.055676368768902612e-01
3.057247259439707654e-01 6.996443840920275881e-02
3.069427527405602651e-01 3.236732895016076333e-02
3.081607795371498204e-01 -6.798837798818163809e-03
3.093788063337393202e-01 -4.705811897538621225e-02
3.105968331303288754e-01 -8.793294989227583291e-02
3.118148599269183752e-01 -1.289600761965271902e-01
3.130328867235078749e-01 -1.696763472387740890e-01
3.142509135200974302e-01 -2.095735296211746757e-01
3.154689403166869299e-01 -2.480509811228721051e-01
3.166869671132764852e-01 -2.844353888959076926e-01
3.179049939098659849e-01 -3.180168867892325113e-01
3.191230207064555402e-01 -3.480836975200194972e-01
3.203410475030450399e-01 -3.739410017361802230e-01
3.215590742996345952e-01 -3.949169830226718081e-01
3.227771010962240950e-01 -4.103780650941903918e-01
3.239951278928136502e-01 -4.197532276776217430e-01
3.252131546894031500e-01 -4.225609463313677594e-01
3.264311814859926497e-01 -4.184244482327816317e-01
3.276492082825822050e-01 -4.070700272165674316e-01
3.288672350791717047e-01 -3.883316103961886867e-01
3.300852618757612600e-01 -3.622318193552819809e-01
3.313032886723507597e-01 -3.289462317704638927e-01
3.325213154689403150e-01 -2.887835752395038758e-01
3.337393422655298147e-01 -2.422619889586273279e-01
3.349573690621193700e-01 -1.900970214432741445e-01
3.361753958587088698e-01 -1.331864136800612608e-01
3.373934226552984250e-01 -7.258367670934845473e-02
3.386114494518879248e-01 -9.472429642591193022e-03
3.398294762484774245e-01 5.486781681040962810e-02
3.410475030450669798e-01 1.190793283219392096e-01
3.422655298416564795e-01 1.817371319083844750e-01
3.434835566382460348e-01 2.414020537457856608e-01
3.447015834348355345e-01 2.966973695855965598e-01
3.459196102314250898e-01 3.463038843626307650e-01
3.471376370280145895e-01 3.889924431555147333e-01
3.483556638246041448e-01 4.236999536769891495e-01
3.495736906211936446e-01 4.495733412469151147e-01
3.507917174177831443e-01 4.659790956312650501e-01
3.520097442143726996e-01 4.725210115617610174e-01
3.532277710109621993e-01 4.690546110978394134e-01
3.544457978075517546e-01 4.557008695040170587e-01
3.556638246041412543e-01 4.328505933262595806e-01
3.568818514007308096e-01 4.011443806790105926e-01
3.580998781973203093e-01 3.614385413129745928e-01
3.593179049939098646e-01 3.147600705237747487e-01
3.605359317904993643e-01 2.622683087816410352e-01
3.617539585870889196e-01 2.052057028490019419e-01
3.629719853836784194e-01 1.448767857618470933e-01
3.641900121802679191e-01 8.262197679314881027e-02
3.654080389768574744e-01 1.981675384569629023e-02
3.666260657734469741e-01 -4.215250531582997312e-02
3.678440925700365294e-01 -1.019914308600127079e-01
3.690621193666260291e-01 -1.585896561294905249e-01
3.702801461632155844e-01 -2.110397787111535639e-01
3.714981729598050841e-01 -2.585764247235444735e-01
3.727161997563946394e-01 -3.004669105382823946e-01
3.739342265529841391e-01 -3.360784970858042842e-01
3.751522533495736944e-01 -3.650772712448893675e-01
3.763702801461631942e-01 -3.872671872919021818e-01
3.775883069427526939e-01 -4.025681828438127385e-01
3.788063337393422492e-01 -4.110166075132883345e-01
3.800243605359317489e-01 -4.127902945345415797e-01
3.812423873325213042e-01 -4.081719060974498547e-01
3.824604141291108039e-01 -3.975349831530799460e-01
3.836784409257003592e-01 -3.813482377387462652e-01
3.848964677222898589e-01 -3.601613278556928810e-01
3.861144945188794142e-01 -3.345709585351916981e-01
3.873325213154689139e-01 -3.051893972601432692e-01
3.885505481120584692e-01 -2.726257366485789757e-01
3.897685749086479690e-01 -2.374879142655258180e-01
3.909866017052374687e-01 -2.003651182991298407e-01
3.922046285018270240e-01 -1.617772726257738491e-01
3.934226552984165237e-01 -1.221750396850383724e-01
3.946406820950060790e-01 -8.201496213358580589e-02
3.958587088915955787e-01 -4.182620945602369411e-02
3.970767356881851340e-01 -2.188739742758827409e-03
3.982947624847746337e-01 3.631839198609826402e-02
3.995127892813641890e-01 7.324236123753161132e-02
4.007308160779536887e-01 1.082575778323822263e-01
4.019488428745432440e-01 1.411224314431872573e-01
4.031668696711327438e-01 1.716695366798389466e-01
4.043848964677222435e-01 1.997250283982986152e-01
4.056029232643117988e-01 2.251326660971706972e-01
4.068209500609012985e-01 2.477611753734849653e-01
4.080389768574908538e-01 2.674779654826571207e-01
4.092570036540803535e-01 2.841619170285488716e-01
4.104750304506699088e-01 2.977721710143995115e-01
4.116930572472594085e-01 3.083408275585282632e-01
4.129110840438489638e-01 3.159919792815734652e-01
4.141291108404384635e-01 3.207024162626712638e-01
4.153471376370280188e-01 3.224620227841884512e-01
4.165651644336175186e-01 3.213322572183448522e-01
4.177831912302070183e-01 3.174520659970909708e-01
4.190012180267965736e-01 3.109659903622848942e-01
4.202192448233860733e-01 3.019705889040740776e-01
4.214372716199756286e-01 2.905451588192597412e-01
4.226552984165651283e-01 2.767849414056037793e-01
4.238733252131546836e-01 2.608197803826322048e-01
4.250913520097441833e-01 2.428295283895393619e-01
4.263093788063337386e-01 2.230236152944803651e-01
4.275274056029232383e-01 2.016374785176507922e-01
4.287454323995127936e-01 1.788831624106224649e-01
4.299634591961022934e-01 1.549355329876915821e-01
4.311814859926917931e-01 1.299958762083661679e-01
4.323995127892813484e-01 1.042774748609675423e-01
4.336175395858708481e-01 7.797512510663409668e-02
4.348355663824604034e-01 5.126520298352481991e-02
4.360535931790499031e-01 2.432885954832262124e-02
4.372716199756394584e-01 -2.632397360460187168e-03
4.384896467722289581e-01 -2.940278922872243197e-02
4.397076735688185134e-01 -5.577448943728380293e-02
4.409257003654080131e-01 -8.156589464097470377e-02
4.421437271619975129e-01 -1.066282642544029574e-01
4.433617539585870682e-01 -1.308534870681877793e-01
4.445797807551765679e-01 -1.541600061681809297e-01
4.457978075517661232e-01 -1.763506891404051924e-01
4.470158343483556229e-01 -1.972759666273367074e-01
4.482338611449451782e-01 -2.167633756429812597e-01
4.494518879415346779e-01 -2.346507715933598137e-01
4.506699147381242332e-01 -2.507641154987236276e-01
4.518879415347137329e-01 -2.649648449425696106e-01
4.531059683313032882e-01 -2.772109800018165426e-01
4.543239951278927879e-01 -2.874716621578478626e-01
4.555420219244822877e-01 -2.956750262352671466e-01
4.567600487210718430e-01 -3.017114510839964958e-01
4.579780755176613427e-01 -3.054608441771700655e-01
4.591961023142508980e-01 -3.067993719481129089e-01
4.604141291108403977e-01 -3.056265725750209605e-01
4.616321559074299530e-01 -3.018764716888342470e-01
4.628501827040194527e-01 -2.955131522074925243e-01
4.640682095006090080e-01 -2.865496222059351616e-01
4.652862362971985077e-01 -2.750367093102750182e-01
4.665042630937880630e-01 -2.610570037903816032e-01
4.677222898903775627e-01 -2.447195693695463081e-01
4.689403166869670625e-01 -2.261464915584027735e-01
4.701583434835566178e-01 -2.054505013073319453e-01
4.713763702801461175e-01 -1.827066962467073785e-01
4.725943970767356728e-01 -1.579957221728914285e-01
4.738124238733251725e-01 -1.313990492525731191e-01
4.750304506699147278e-01 -1.030277649506586152e-01
4.762484774665042275e-01 -7.305556862648659999e-02
4.774665042630937828e-01 -4.171859874614376740e-02
4.786845310596832825e-01 -9.302512691436583964e-03
4.799025578562728378e-01 2.389161715473612016e-02
4.811205846528623375e-01 5.757249926950317592e-02
4.823386114494518373e-01 9.144556840428312572e-02
4.835566382460413926e-01 1.252026899914213121e-01
4.847746650426308923e-01 1.584899223096511989e-01
4.859926918392204476e-01 1.909075871912303823e-01
4.872107186358099473e-01 2.220053010017027928e-01
4.884287454323995026e-01 2.513294136507607246e-01
4.896467722289890023e-01 2.784670357048152356e-01
4.908647990255785576e-01 3.030716165835901088e-01
4.920828258221680573e-01 3.248548538661453766e-01
4.933008526187576126e-01 3.434972279749428647e-01
4.945188794153471123e-01 3.586064088573773789e-01
4.957369062119366121e-01 3.697105306905284494e-01
4.969549330085261674e-01 3.763105907137318518e-01
4.981729598051156671e-01 3.779640927675808060e-01
4.993909866017052224e-01 3.743546875124035278e-01
5.006090133982947776e-01 3.653128276585426160e-01
5.018270401948842219e-01 3.507859989814594570e-01
5.030450669914737771e-01 3.307795895940691122e-01
5.042630937880633324e-01 3.053105031986341200e-01
5.054811205846528877e-01 2.744058843163161288e-01
5.066991473812423319e-01 2.381595527275915114e-01
5.079171741778318871e-01 1.968018813647913201e-01
5.091352009744214424e-01 1.507557645604632457e-01
5.103532277710108866e-01 1.006576875830474116e-01
5.115712545676004419e-01 4.730885068329122173e-02
5.127892813641899972e-01 -8.417477734798107375e-03
5.140073081607795524e-01 -6.564117998639447393e-02
5.152253349573689967e-01 -1.234288768681725129e-01
5.164433617539585519e-01 -1.807437931777524653e-01
5.176613885505481072e-01 -2.364506295574090311e-01
5.188794153471376625e-01 -2.893364875676360803e-01
5.200974421437271067e-01 -3.380640020220769260e-01
5.213154689403166619e-01 -3.811685790398947060e-01
5.225334957369062172e-01 -4.172137662275978709e-01
5.237515225334956614e-01 -4.450264622260275416e-01
5.249695493300852167e-01 -4.637560524018151109e-01
5.261875761266747720e-01 -4.726963405694535880e-01
5.274056029232643272e-01 -4.711799870291399350e-01
5.286236297198537715e-01 -4.586887113438790631e-01
5.298416565164433267e-01 -4.350140556704160666e-01
5.310596833130328820e-01 -4.005139355826677905e-01
5.322777101096224373e-01 -3.557978369460536583e-01
5.334957369062118815e-01 -3.014594473523595219e-01
5.347137637028014368e-01 -2.384519030561694786e-01
5.359317904993909920e-01 -1.686427757661711768e-01
5.371498172959804362e-01 -9.365341885285245749e-02
5.383678440925699915e-01 -1.496078961321110207e-02
5.395858708891595468e-01 6.437701084937813567e-02
5.408038976857491020e-01 1.430093689715216665e-01
5.420219244823385463e-01 2.183281944586257795e-01
5.432399512789281015e-01 2.885506224456489965e-01
5.444579780755176568e-01 3.511411367790225890e-01
5.456760048721072121e-01 4.041455354909532227e-01
5.468940316686966563e-01 4.474869146449730883e-01
5.481120584652862116e-01 4.785615777691336059e-01
5.493300852618757668e-01 4.965446644833660939e-01
5.505481120584652110e-01 5.014801990366657414e-01
5.517661388550547663e-01 4.935474699512974461e-01
5.529841656516443216e-01 4.731114230424605660e-01
5.542021924482338768e-01 4.408549108513502013e-01
5.554202192448233211e-01 3.977317285256932733e-01
5.566382460414128763e-01 3.449432726801090476e-01
5.578562728380024316e-01 2.840764845041566233e-01
5.590742996345918758e-01 2.170330462124764603e-01
5.602923264311814311e-01 1.458658533581275452e-01
5.615103532277709864e-01 7.264212804423979264e-02
5.627283800243605416e-01 -6.769229925758508785e-04
5.639464068209499858e-01 -7.233783776051799785e-02
5.651644336175395411e-01 -1.408069154663337264e-01
5.663824604141290964e-01 -2.047088427386492548e-01
5.676004872107186516e-01 -2.627868599236724001e-01
5.688185140073080959e-01 -3.139294586745304261e-01
5.700365408038976511e-01 -3.572393760672974983e-01
5.712545676004872064e-01 -3.920554093662969586e-01
5.724725943970766506e-01 -4.178518726514297565e-01
5.736906211936662059e-01 -4.343421420222237095e-01
5.749086479902557612e-01 -4.416207304959013369e-01
5.761266747868453164e-01 -4.400781238055322953e-01
5.773447015834347606e-01 -4.301955985022207773e-01
5.785627283800243159e-01 -4.124950025102331885e-01
5.797807551766138712e-01 -3.876676969540338025e-01
5.809987819732034264e-01 -3.565666457309224491e-01
5.822168087697928707e-01 -3.200345733372424450e-01
5.834348355663824259e-01 -2.788638187822240488e-01
5.846528623629719812e-01 -2.338876221988167581e-01
5.858708891595614254e-01 -1.860165078184179699e-01
5.870889159561509807e-01 -1.362073972120950716e-01
5.883069427527405360e-01 -8.540944555188322018e-02
5.895249695493300912e-01 -3.449119993839945553e-02
5.907429963459195355e-01 1.580125979112740470e-02
5.919610231425090907e-01 6.475368608834473905e-02
5.931790499390986460e-01 1.116108597484954668e-01
5.943970767356882012e-01 1.557613329806445956e-01
5.956151035322776455e-01 1.967911263230220920e-01
5.968331303288672007e-01 2.342832446438199434e-01
5.980511571254567560e-01 2.677544085716387912e-01
5.992691839220462002e-01 2.968105864122426163e-01
6.004872107186357555e-01 3.211385361468938049e-01
6.017052375152253108e-01 3.405015153505079328e-01
6.029232643118148660e-01 3.549111899519085678e-01
6.041412911084043103e-01 3.643256856705329172e-01
6.053593179049938655e-01 3.690452751666730147e-01
6.065773447015834208e-01 3.683366848419848960e-01
6.077953714981729760e-01 3.632053499020578835e-01
6.090133982947624203e-01 3.536529310246430691e-01
6.102314250913519755e-01 3.394986395764630349e-01
6.114494518879415308e-01 3.213035942008355961e-01
6.126674786845309750e-01 2.994183668405042686e-01
6.138855054811205303e-01 2.740895251956779743e-01
6.151035322777100856e-01 2.455978990948763097e-01
6.163215590742996408e-01 2.142950764267944064e-01
6.175395858708890851e-01 1.805948227524760419e-01
6.187576126674786403e-01 1.449425259884738193e-01
6.199756394640681956e-01 1.077864818897211752e-01
6.211936662606577508e-01 6.956319814596947926e-02
6.224116930572471951e-01 3.068827043984109770e-02
6.236297198538367503e-01 -8.450639512012090085e-03
6.248477466504263056e-01 -4.748183048422211644e-02
6.260657734470157498e-01 -8.601308584974261262e-02
6.272838002436053051e-01 -1.235876703436137453e-01
6.285018270401948604e-01 -1.596929430977298836e-01
6.297198538367844156e-01 -1.938349459861231083e-01
6.309378806333738599e-01 -2.256204779646560354e-01
6.321559074299634151e-01 -2.547485976625133430e-01
6.333739342265529704e-01 -2.809462514095672492e-01
6.345919610231425256e-01 -3.039287020941299211e-01
6.358099878197319699e-01 -3.234147384026405114e-01
6.370280146163215251e-01 -3.391313976340449288e-01
6.382460414129110804e-01 -3.507949317456601768e-01
6.394640682095005246e-01 -3.581461253518136711e-01
6.406820950060900799e-01 -3.610472339553306154e-01
6.419001218026796352e-01 -3.593771687573603102e-01
6.431181485992691904e-01 -3.529778067224835225e-01
6.443361753958586347e-01 -3.419733591066249634e-01
6.455542021924481899e-01 -3.264235467499332355e-01
6.467722289890377452e-01 -3.062440698752307289e-01
6.479902557856273004e-01 -2.818756021769799336e-01
6.492082825822167447e-01 -2.532611498854518972e-01
6.504263093788062999e-01 -2.206427942111112428e-01
6.516443361753958552e-01 -1.843855685764196617e-01
6.528623629719852994e-01 -1.447548071540005754e-01
6.540803897685748547e-01 -1.022389539340894937e-01
6.552984165651644100e-01 -5.730438524104319864e-02
6.565164433617539652e-01 -1.054968644134549743e-02
6.577344701583434095e-01 3.733063296018176297e-02
6.589524969549329647e-01 8.563419572028430071e-02
6.601705237515225200e-01 1.336661982751070343e-01
6.613885505481120752e-01 1.807002418075832617e-01
6.626065773447015195e-01 2.259506206618616675e-01
6.638246041412910747e-01 2.685871507272205583e-01
6.650426309378806300e-01 3.077783165847125524e-01
6.662606577344700742e-01 3.427230421803391103e-01
6.674786845310596295e-01 3.726455573003170096e-01
6.686967113276491848e-01 3.967796852518292172e-01
6.699147381242387400e-01 4.143786550577706618e-01
6.711327649208281843e-01 4.247128098596530399e-01
6.723507917174177395e-01 4.271795151980196659e-01
6.735688185140072948e-01 4.212845490258034786e-01
6.747868453105968500e-01 4.067297424959851471e-01
6.760048721071862943e-01 3.833668382599549340e-01
6.772228989037758495e-01 3.512392700232492837e-01
6.784409257003654048e-01 3.105658737903384536e-01
6.796589524969548490e-01 2.617484146315662841e-01
6.808769792935444043e-01 2.055944459196144825e-01
6.820950060901339596e-01 1.430057969704509602e-01
6.833130328867235148e-01 7.516844188565630080e-02
6.845310596833129591e-01 3.365695201639541147e-03
6.857490864799025143e-01 -7.092770048987789844e-02
6.869671132764920696e-01 -1.458155193782140480e-01
6.881851400730816248e-01 -2.191678244185158442e-01
6.894031668696710691e-01 -2.888222338167234504e-01
6.906211936662606243e-01 -3.526502582770443261e-01
6.918392204628501796e-01 -4.085899263652748581e-01
6.930572472594396238e-01 -4.547026329798631861e-01
6.942752740560291791e-01 -4.891561664008346466e-01
6.954933008526187344e-01 -5.102168498278021325e-01
6.967113276492082896e-01 -5.163326886784315173e-01
6.979293544457977339e-01 -5.063271930614261507e-01
6.991473812423872891e-01 -4.797704140578675780e-01
7.003654080389768444e-01 -4.369521408825846054e-01
7.015834348355662886e-01 -3.788986362084689197e-01
7.028014616321558439e-01 -3.072001854779239371e-01
7.040194884287453991e-01 -2.240384635281716941e-01
7.052375152253349544e-01 -1.318796839636350304e-01
7.064555420219243986e-01 -3.332899740717462644e-02
7.076735688185139539e-01 6.810017390667694182e-02
7.088915956151035092e-01 1.687587891658539896e-01
7.101096224116930644e-01 2.645021933898520361e-01
7.113276492082825087e-01 3.516307556071087692e-01
7.125456760048720639e-01 4.269887804049286584e-01
7.137637028014616192e-01 4.877237617846411633e-01
7.149817295980510634e-01 5.312619270180273245e-01
7.161997563946406187e-01 5.555028665586201342e-01
7.174177831912301739e-01 5.589900767363150669e-01
7.186358099878197292e-01 5.412920234983095158e-01
7.198538367844091734e-01 5.030516206087617403e-01
7.210718635809987287e-01 4.458092619778923904e-01
7.222898903775882840e-01 3.718728862081465691e-01
7.235079171741778392e-01 2.841575515516476247e-01
7.247259439707672835e-01 1.861431430089074690e-01
7.259439707673568387e-01 8.173660649596932448e-02
7.271619975639463940e-01 -2.461536867432536843e-02
7.283800243605358382e-01 -1.287240205069476173e-01
7.295980511571253935e-01 -2.265921098128483024e-01
7.308160779537149487e-01 -3.150144367629454378e-01
7.320341047503045040e-01 -3.911683622594621657e-01
7.332521315468939482e-01 -4.525708924389736376e-01
7.344701583434835035e-01 -4.973319970193191275e-01
7.356881851400730588e-01 -5.243920960905918971e-01
7.369062119366626140e-01 -5.335683215608503227e-01
7.381242387332520583e-01 -5.253233795573085674e-01
7.393422655298416135e-01 -5.001967814261581990e-01
7.405602923264311688e-01 -4.585368692054386797e-01
7.417783191230206130e-01 -4.012822578777869298e-01
7.429963459196101683e-01 -3.305653970542747899e-01
7.442143727161997235e-01 -2.499154274761548056e-01
7.454323995127892788e-01 -1.635875592349885221e-01
7.466504263093787230e-01 -7.523537329235729931e-02
7.478684531059682783e-01 1.258091043337289557e-02
7.490864799025578336e-01 9.791400300363639619e-02
7.503045066991473888e-01 1.786931323869364041e-01
7.515225334957368331e-01 2.528448209857326323e-01
7.527405602923263883e-01 3.182335145754710548e-01
7.539585870889159436e-01 3.742427943954415026e-01
7.551766138855053878e-01 4.200658611137469967e-01
7.563946406820949431e-01 4.547407043504781976e-01
7.576126674786844983e-01 4.774513462936053609e-01
7.588306942752740536e-01 4.870810869327492632e-01
7.600487210718634978e-01 4.813848007373541238e-01
7.612667478684530531e-01 4.603995060833513397e-01
7.624847746650426084e-01 4.259669789866985523e-01
7.637028014616321636e-01 3.807549679639141704e-01
7.649208282582216079e-01 3.270428096939255180e-01
7.661388550548111631e-01 2.667750808110593286e-01
7.673568818514007184e-01 2.019513958521416963e-01
7.685749086479901626e-01 1.327750726622647925e-01
7.697929354445797179e-01 6.155031809777727209e-02
7.710109622411692731e-01 -1.036614004666692145e-02
7.722289890377588284e-01 -8.257806259135563876e-02
7.734470158343482726e-01 -1.529108539648262044e-01
7.746650426309378279e-01 -2.202518536254184645e-01
7.758830694275273832e-01 -2.829455598254628224e-01
7.771010962241169384e-01 -3.382316586253138468e-01
7.783191230207063827e-01 -3.841966664115573638e-01
7.795371498172959379e-01 -4.195439335560529059e-01
7.807551766138854932e-01 -4.433362591553790533e-01
7.819732034104749374e-01 -4.555248317350212295e-01
7.831912302070644927e-01 -4.558650168163789207e-01
7.844092570036540479e-01 -4.453958337199138695e-01
7.856272838002436032e-01 -4.257821958513042238e-01
7.868453105968330474e-01 -3.971461138145253589e-01
7.880633373934226027e-01 -3.589898437284840815e-01
7.892813641900121580e-01 -3.105888373943412328e-01
7.904993909866017132e-01 -2.525452230812220145e-01
7.917174177831911575e-01 -1.866798646700482400e-01
7.929354445797807127e-01 -1.156965091775915000e-01
7.941534713763702680e-01 -4.054587181548760522e-02
7.953714981729597122e-01 3.674960211773702079e-02
7.965895249695492675e-01 1.136872073221424639e-01
7.978075517661388227e-01 1.886864962111093058e-01
7.990255785627283780e-01 2.585562987937060075e-01
8.002436053593178222e-01 3.224295685673753131e-01
8.014616321559073775e-01 3.782660857148634759e-01
8.026796589524969328e-01 4.250472994906639990e-01
8.038976857490864880e-01 4.606051666683064205e-01
8.051157125456759323e-01 4.833013008466316429e-01
8.063337393422654875e-01 4.920805531948511113e-01
8.075517661388550428e-01 4.857566072670659874e-01
8.087697929354444870e-01 4.645785130559640930e-01
8.099878197320340423e-01 4.276839490621152096e-01
8.112058465286235975e-01 3.756353946354859530e-01
8.124238733252131528e-01 3.101955418248079632e-01
8.136419001218025970e-01 2.329985684974042737e-01
8.148599269183921523e-01 1.456653814784075740e-01
8.160779537149817076e-01 5.100255425982901103e-02
8.172959805115712628e-01 -4.857855861932516839e-02
8.185140073081607071e-01 -1.495909031355839303e-01
8.197320341047502623e-01 -2.488784785762416796e-01
8.209500609013398176e-01 -3.414708021737364319e-01
8.221680876979292618e-01 -4.230469133766009970e-01
8.233861144945188171e-01 -4.896433077212883900e-01
8.246041412911083723e-01 -5.378738935185419789e-01
8.258221680876979276e-01 -5.645880150576255696e-01
8.270401948842873718e-01 -5.673160224706828014e-01
8.282582216808769271e-01 -5.445485670263823241e-01
8.294762484774664824e-01 -4.957063309311822707e-01
8.306942752740560376e-01 -4.212211442849506660e-01
8.319123020706454819e-01 -3.235874668205375171e-01
8.331303288672350371e-01 -2.060627508977687650e-01
8.343483556638245924e-01 -7.392070131320561954e-02
8.355663824604140366e-01 6.704595691798255486e-02
8.367844092570035919e-01 2.091482632024452004e-01
8.380024360535931471e-01 3.445519840868321304e-01
8.392204628501827024e-01 4.646159645484873590e-01
8.404384896467721466e-01 5.610151655478580190e-01
8.416565164433617019e-01 6.261731387247257974e-01
8.428745432399512572e-01 6.539774727962900380e-01
8.440925700365408124e-01 6.404983883334486316e-01
8.453105968331302567e-01 5.842033402505876216e-01
8.465286236297198119e-01 4.864500540145075824e-01
8.477466504263093672e-01 3.519608523707810077e-01
8.489646772228988114e-01 1.883384867633737803e-01
8.501827040194883667e-01 5.955240976652653381e-03
8.514007308160779219e-01 -1.823638328143381560e-01
8.526187576126674772e-01 -3.622114026324779745e-01
8.538367844092569214e-01 -5.187217635164764751e-01
8.550548112058464767e-01 -6.377847269629198790e-01
8.562728380024360320e-01 -7.075348031651477188e-01
8.574908647990255872e-01 -7.195338833302633574e-01
8.587088915956150315e-01 -6.698050984778879391e-01
8.599269183922045867e-01 -5.597866820205982252e-01
8.611449451887941420e-01 -3.965619971231388319e-01
8.623629719853835862e-01 -1.926314639091681602e-01
8.635809987819731415e-01 3.465082996563322026e-02
8.647990255785626967e-01 2.643279565279916810e-01
8.660170523751522520e-01 4.737351871100104472e-01
8.672350791717416962e-01 6.406945480649842706e-01
8.684531059683312515e-01 7.458420036197088709e-01
8.696711327649208068e-01 7.749685424208749840e-01
8.708891595615102510e-01 7.210546172382975572e-01
8.721071863580998063e-01 5.857123624669170470e-01
8.733252131546893615e-01 3.798591086846823672e-01
8.745432399512789168e-01 1.234833480077864726e-01
8.757612667478683610e-01 -1.556311141954099808e-01
8.769792935444579163e-01 -4.241370243782646154e-01
8.781973203410474715e-01 -6.467521572380836581e-01
8.794153471376370268e-01 -7.908004444295891888e-01
8.806333739342264710e-01 -8.309898353706699492e-01
8.818514007308160263e-01 -7.539738381071716677e-01
8.830694275274055816e-01 -5.620653367165305836e-01
8.842874543239950258e-01 -2.754282368051861885e-01
8.855054811205845811e-01 6.791689379992815745e-02
8.867235079171741363e-01 4.149019231021883747e-01
8.879415347137636916e-01 7.035069753263923920e-01
8.891595615103531358e-01 8.722457693470366813e-01
8.903775883069426911e-01 8.725621647800022584e-01
8.915956151035322463e-01 6.828247229985739963e-01
8.928136419001218016e-01 3.214728429367238460e-01
8.940316686967112458e-01 -1.445456713482632383e-01
8.952496954933008011e-01 -6.013922268645734981e-01
8.964677222898903564e-01 -9.063311528764820268e-01
8.976857490864798006e-01 -9.273262883961949088e-01
8.989037758830693559e-01 -6.033040129574925858e-01
9.001218026796589111e-01 -9.053791211696575469e-03
9.013398294762484664e-01 6.159372336162549644e-01
9.025578562728379106e-01 9.351835477259653473e-01
9.037758830694274659e-01 7.118022464218853873e-01
9.049939098660170211e-01 4.449783976728215878e-02
9.062119366626065764e-01 -5.977313840774086673e-01
9.074299634591960206e-01 -7.148722796960169656e-01
9.086479902557855759e-01 -2.516978703708798171e-01
9.098660170523751312e-01 3.232500877521967686e-01
9.110840438489645754e-01 4.902256024243381027e-01
9.123020706455541307e-01 1.874254907236100887e-01
9.135200974421436859e-01 -2.000197703336216992e-01
9.147381242387332412e-01 -2.962084919232828573e-01
9.159561510353226854e-01 -9.192722428636494747e-02
9.171741778319122407e-01 1.369084153262778714e-01
9.183922046285017959e-01 1.683910190127720918e-01
9.196102314250913512e-01 3.224452374311840425e-02
9.208282582216807954e-01 -9.137860118663514164e-02
9.220462850182703507e-01 -8.947729837812073983e-02
9.232643118148599060e-01 -3.548155810671171570e-03
9.244823386114493502e-01 5.847932904881782828e-02
9.257003654080389055e-01 4.574242733689948964e-02
9.269183922046284607e-01 -5.809512742143514361e-03
9.281364190012180160e-01 -3.514333248965191558e-02
9.293544457978074602e-01 -2.167748268612367316e-02
9.305724725943970155e-01 8.167992675031420305e-03
9.317904993909865707e-01 2.089078789595939442e-02
9.330085261875761260e-01 9.943690719063483924e-03
9.342265529841655702e-01 -6.630659886834675693e-03
9.354445797807551255e-01 -1.129030050669355134e-02
9.366626065773446808e-01 -3.548596361723830792e-03
9.378806333739341250e-01 5.159445073210454542e-03
9.390986601705236803e-01 6.283837801541879327e-03
9.403166869671132355e-01 1.293591499356509886e-03
9.415347137637027908e-01 -3.070478885900541043e-03
9.427527405602922350e-01 -2.922148558634925924e-03
9.439707673568817903e-01 7.706600835815071641e-05
9.451887941534713455e-01 2.148846538125680564e-03
9.464068209500609008e-01 1.658756645504152680e-03
9.476248477466503450e-01 -7.108772264484755892e-05
9.488428745432399003e-01 -1.002417277027274406e-03
9.500609013398294556e-01 -5.417406737998561612e-04
9.512789281364188998e-01 3.906466066274349438e-04
9.524969549330084551e-01 7.473796925222614884e-04
9.537149817295980103e-01 3.889824255839157210e-04
9.549330085261875656e-01 -1.000951769744467851e-04
9.561510353227770098e-01 -2.186234240084850716e-04
9.573690621193665651e-01 8.526489169493187061e-06
9.585870889159561203e-01 2.418594807827392529e-04
9.598051157125456756e-01 2.576554823781388695e-04
9.610231425091351198e-01 1.146238829779665035e-04
9.622411693057246751e-01 -2.317805242115635058e-06
9.634591961023142304e-01 9.012914583906941463e-07
9.646772228989036746e-01 7.281652871982882550e-05
9.658952496954932299e-01 1.170472483788609824e-04
9.671132764920827851e-01 9.866315381529393053e-05
9.683313032886723404e-01 5.402449363923752195e-05
9.695493300852617846e-01 3.002584560693440037e-05
9.707673568818513399e-01 3.647378476254677001e-05
9.719853836784408951e-01 5.150359791372754000e-05
9.732034104750304504e-01 5.438638082138860146e-05
9.744214372716198946e-01 4.417033030413503508e-05
9.756394640682094499e-01 3.253109477141092438e-05
9.768574908647990052e-01 2.782644770994254887e-05
9.780755176613884494e-01 2.863895192015246743e-05
9.792935444579780047e-01 2.903225913447828567e-05
9.805115712545675599e-01 2.593834170458471700e-05
9.817295980511571152e-01 2.086783017549703322e-05
9.829476248477465594e-01 1.664310234451198481e-05
9.841656516443361147e-01 1.427679443274345306e-05
9.853836784409256699e-01 1.284629588108338608e-05
9.866017052375152252e-01 1.121709384279297196e-05
9.878197320341046694e-01 9.190665066600668396e-06
9.890377588306942247e-01 7.229100133137048568e-06
9.902557856272837800e-01 5.675094786893439792e-06
9.914738124238732242e-01 4.470902796387068034e-06
9.926918392204627795e-01 3.415844050768332887e-06
9.939098660170523347e-01 2.433607648841174109e-06
9.951278928136418900e-01 1.572690745816726941e-06
9.963459196102313342e-01 8.871506582424712323e-07
9.975639464068208895e-01 3.934242136652531864e-07
9.987819732034104447e-01 9.682775040942919565e-08
1.000000000000000000e+00 0.000000000000000000e+00
