0.000000000000000000e+00 -0.000000000000000000e+00
1.218026796589524903e-03 -2.865144367613113805e-08
2.436053593179049806e-03 -1.901641071360145116e-07
3.654080389768574709e-03 -6.479880058406936305e-07
4.872107186358099612e-03 -1.736050316567584674e-06
6.090133982947624515e-03 -4.144875095065905817e-06
7.308160779537149418e-03 -8.471367053825041990e-06
8.526187576126675188e-03 -1.453530856889155569e-05
9.744214372716199224e-03 -2.112589460959938748e-05
1.096224116930572326e-02 -2.514837115737920812e-05
1.218026796589524903e-02 -1.965332121670043127e-05
1.339829476248477480e-02 3.324243957088957069e-06
1.461632155907429884e-02 4.766652707295091819e-05
1.583434835566382287e-02 1.172325113782412035e-04
1.705237515225335038e-02 2.238132568541436468e-04
1.827040194884287441e-02 3.785225268794973935e-04
1.948842874543239845e-02 5.821710474057383315e-04
2.070645554202192248e-02 8.420736513377766142e-04
2.192448233861144652e-02 1.175834977335055067e-03
2.314250913520097402e-02 1.559776579139077321e-03
2.436053593179049806e-02 1.903805754853509077e-03
2.557856272838002210e-02 2.102963684624360036e-03
2.679658952496954960e-02 2.069325482992299698e-03
2.801461632155907364e-02 1.695859781585992189e-03
2.923264311814859767e-02 9.065365761074034232e-04
3.045066991473812171e-02 -1.669912109977546018e-04
3.166869671132764574e-02 -1.165436376044108558e-03
3.288672350791717325e-02 -1.701444318950052223e-03
3.410475030450670075e-02 -1.428973806819655188e-03
3.532277710109622132e-02 6.483031301065048907e-07
3.654080389768574882e-02 2.744621457351855646e-03
3.775883069427526939e-02 6.453893494269186820e-03
3.897685749086479690e-02 1.042234354104684853e-02
4.019488428745432440e-02 1.410187903904668895e-02
4.141291108404384497e-02 1.716308037255077218e-02
4.263093788063337247e-02 1.928085613980357396e-02
4.384896467722289304e-02 2.051725581025513195e-02
4.506699147381242054e-02 2.174975686870288943e-02
4.628501827040194805e-02 2.413568850540750640e-02
4.750304506699146861e-02 2.820876302606285455e-02
4.872107186358099612e-02 3.392082772410609515e-02
4.993909866017052362e-02 4.111051988840956628e-02
5.115712545676004419e-02 4.895029746529837994e-02
5.237515225334957170e-02 5.542710361808565050e-02
5.359317904993909920e-02 5.850071051654829463e-02
5.481120584652861977e-02 5.729468067156872485e-02
5.602923264311814727e-02 5.158527955865354481e-02
5.724725943970766784e-02 4.121439076626122466e-02
5.846528623629719534e-02 2.704183488555546994e-02
5.968331303288672285e-02 1.145353377918878479e-02
6.090133982947624341e-02 -3.529018901770219346e-03
6.211936662606577092e-02 -1.742028591286771955e-02
6.333739342265529149e-02 -2.958992423845416622e-02
6.455542021924481899e-02 -3.853330913576874517e-02
6.577344701583434650e-02 -4.372668720295273814e-02
6.699147381242387400e-02 -4.622389426759399705e-02
6.820950060901340151e-02 -4.629050343299539322e-02
6.942752740560291513e-02 -4.257333898672636951e-02
7.064555420219244264e-02 -3.516421117037396571e-02
7.186358099878197014e-02 -2.667175313465309019e-02
7.308160779537149765e-02 -1.922604873396898187e-02
7.429963459196102515e-02 -1.392016501080566536e-02
7.551766138855053878e-02 -1.351019507056938629e-02
7.673568818514006629e-02 -2.217316507697542419e-02
7.795371498172959379e-02 -4.131880087452386580e-02
7.917174177831912130e-02 -6.853914352354471828e-02
8.038976857490864880e-02 -1.015720179180544386e-01
8.160779537149816243e-02 -1.387541624188921296e-01
8.282582216808768993e-02 -1.754929516716375315e-01
8.404384896467721744e-02 -2.056257210341038699e-01
8.526187576126674494e-02 -2.259388797067651833e-01
8.647990255785627245e-02 -2.359146733316438982e-01
8.769792935444578608e-02 -2.341150368000877446e-01
8.891595615103531358e-02 -2.197249005578180703e-01
9.013398294762484109e-02 -1.975128702167067984e-01
9.135200974421436859e-02 -1.750550138071585438e-01
9.257003654080389610e-02 -1.563958272246116776e-01
9.378806333739342360e-02 -1.438555345142481789e-01
9.500609013398293723e-02 -1.420995539428231702e-01
9.622411693057246473e-02 -1.545214119388577667e-01
9.744214372716199224e-02 -1.771355218647955587e-01
9.866017052375151974e-02 -2.012790538931971684e-01
9.987819732034104725e-02 -2.206945027533274983e-01
1.010962241169305609e-01 -2.298539383830962568e-01
1.023142509135200884e-01 -2.206888664657024879e-01
1.035322777101096159e-01 -1.891388725195799203e-01
1.047503045066991434e-01 -1.405184362113308383e-01
1.059683313032886709e-01 -8.407138115732801231e-02
1.071863580998781984e-01 -2.575439166805771826e-02
1.084043848964677120e-01 2.962798167205601615e-02
1.096224116930572395e-01 7.473747627831167639e-02
1.108404384896467670e-01 1.069022474906314163e-01
1.120584652862362945e-01 1.334407966070394191e-01
1.132764920828258220e-01 1.633831860251603596e-01
1.144945188794153357e-01 2.005107609902655463e-01
1.157125456760048632e-01 2.460654922172041958e-01
1.169305724725943907e-01 3.004822465798162034e-01
1.181485992691839182e-01 3.571703467663551179e-01
1.193666260657734457e-01 4.010386240522029189e-01
1.205846528623629593e-01 4.206052147904897343e-01
1.218026796589524868e-01 4.144079996052816295e-01
1.230207064555420143e-01 3.836702487110441595e-01
1.242387332521315418e-01 3.307613415769222742e-01
1.254567600487210555e-01 2.666298404135818423e-01
1.266747868453105830e-01 2.105080128581469923e-01
1.278928136419001105e-01 1.774316622971894575e-01
1.291108404384896380e-01 1.710722884292612544e-01
1.303288672350791655e-01 1.899911406649257006e-01
1.315468940316686930e-01 2.294113257421351304e-01
1.327649208282582205e-01 2.752615408031937050e-01
1.339829476248477480e-01 3.084235088920500023e-01
1.352009744214372755e-01 3.159464353898144839e-01
1.364190012180268030e-01 2.938428459651038493e-01
1.376370280146163028e-01 2.409480363885057319e-01
1.388550548112058303e-01 1.587349393115015384e-01
1.400730816077953578e-01 5.873807377904469856e-02
1.412911084043848853e-01 -4.140886319017553913e-02
1.425091352009744128e-01 -1.303081314939156521e-01
1.437271619975639403e-01 -2.032815567727189188e-01
1.449451887941534678e-01 -2.565579954227659165e-01
1.461632155907429953e-01 -2.892611817742323232e-01
1.473812423873325228e-01 -3.096613773665118363e-01
1.485992691839220503e-01 -3.308176168554696206e-01
1.498172959805115501e-01 -3.582556278230858426e-01
1.510353227771010776e-01 -3.906119464178259837e-01
1.522533495736906051e-01 -4.275572098998181025e-01
1.534713763702801326e-01 -4.662977290469269009e-01
1.546894031668696601e-01 -4.963358792012313447e-01
1.559074299634591876e-01 -5.053726486495120351e-01
1.571254567600487151e-01 -4.889298093732932227e-01
1.583434835566382426e-01 -4.492771337751901850e-01
1.595615103532277701e-01 -3.880612398261426010e-01
1.607795371498172976e-01 -3.101142713021353692e-01
1.619975639464068251e-01 -2.287563072435483125e-01
1.632155907429963249e-01 -1.572749368306277096e-01
1.644336175395858524e-01 -1.009301619512073533e-01
1.656516443361753799e-01 -6.057765339558410234e-02
1.668696711327649074e-01 -3.872955843668789838e-02
1.680876979293544349e-01 -3.561346110160305140e-02
1.693057247259439624e-01 -4.295773231089097116e-02
1.705237515225334899e-01 -5.196673658716496891e-02
1.717417783191230174e-01 -6.097178850139812339e-02
1.729598051157125449e-01 -6.833518466983093398e-02
1.741778319123020724e-01 -6.770840307176489992e-02
1.753958587088915722e-01 -5.407513541464867984e-02
1.766138855054810997e-01 -2.814556103347251592e-02
1.778319123020706272e-01 9.718257715259718751e-03
1.790499390986601547e-01 6.447655927434663148e-02
1.802679658952496822e-01 1.374578569088171776e-01
1.814859926918392097e-01 2.209354882532768849e-01
1.827040194884287372e-01 3.071121109223994283e-01
1.839220462850182647e-01 3.922032963651636006e-01
1.851400730816077922e-01 4.701370989882055484e-01
1.863580998781973197e-01 5.304116049478440065e-01
1.875761266747868472e-01 5.659667158620437233e-01
1.887941534713763470e-01 5.779228317831860418e-01
1.900121802679658745e-01 5.677861865864554103e-01
1.912302070645554020e-01 5.350350595147931321e-01
1.924482338611449295e-01 4.857957289109243737e-01
1.936662606577344570e-01 4.319953345982368020e-01
1.948842874543239845e-01 3.809670628406967019e-01
1.961023142509135120e-01 3.329488493989061770e-01
1.973203410475030395e-01 2.887385513089630318e-01
1.985383678440925670e-01 2.521836076622518408e-01
1.997563946406820945e-01 2.210865689800987077e-01
2.009744214372716220e-01 1.871346306621742006e-01
2.021924482338611218e-01 1.471254905378336642e-01
2.034104750304506493e-01 1.031845680190305176e-01
2.046285018270401768e-01 5.530201701642534912e-02
2.058465286236297043e-01 2.646544866120803356e-03
2.070645554202192318e-01 -4.850171946813425228e-02
2.082825822168087593e-01 -8.619871061409201118e-02
2.095006090133982868e-01 -1.049935777471472931e-01
2.107186358099878143e-01 -1.069625047539915080e-01
2.119366626065773418e-01 -9.271796898967980816e-02
2.131546894031668693e-01 -6.375275952958600612e-02
2.143727161997563968e-01 -3.008797325848909868e-02
2.155907429963458966e-01 -6.898021240912119954e-03
2.168087697929354241e-01 -3.908621939428888990e-03
2.180267965895249516e-01 -2.326044859085059716e-02
2.192448233861144791e-01 -6.601103171336267228e-02
2.204628501827040066e-01 -1.286829441928230566e-01
2.216808769792935341e-01 -1.959030763155238386e-01
2.228989037758830616e-01 -2.486004172864908490e-01
2.241169305724725891e-01 -2.759336142441801698e-01
2.253349573690621166e-01 -2.746498692679553710e-01
2.265529841656516441e-01 -2.432542872883719509e-01
2.277710109622411438e-01 -1.851974476333980713e-01
2.289890377588306714e-01 -1.154020604700336933e-01
2.302070645554201989e-01 -5.184845236712268962e-02
2.314250913520097264e-01 -3.168312742991522424e-03
2.326431181485992539e-01 2.757773493152208474e-02
2.338611449451887814e-01 3.687888420776391091e-02
2.350791717417783089e-01 2.628585313704266679e-02
2.362971985383678364e-01 7.075002764287309162e-03
2.375152253349573639e-01 -8.895711222348005182e-03
2.387332521315468914e-01 -2.034230464062888877e-02
2.399512789281364189e-01 -3.106847790840252740e-02
2.411693057247259186e-01 -4.155487018431672924e-02
2.423873325213154462e-01 -5.466304941649185317e-02
2.436053593179049737e-01 -7.889530859376195360e-02
2.448233861144945012e-01 -1.192645882498028775e-01
2.460414129110840287e-01 -1.709979531171628153e-01
2.472594397076735562e-01 -2.264894896514723643e-01
2.484774665042630837e-01 -2.821346095834910139e-01
2.496954933008526112e-01 -3.316579018214814156e-01
2.509135200974421109e-01 -3.629410776570636266e-01
2.521315468940316662e-01 -3.697969514647861389e-01
2.533495736906211659e-01 -3.573405900567102611e-01
2.545676004872107212e-01 -3.327665652991213530e-01
2.557856272838002210e-01 -2.998686034222333152e-01
2.570036540803897762e-01 -2.654655552506450245e-01
2.582216808769792760e-01 -2.422891283006854968e-01
2.594397076735688312e-01 -2.385246504916054278e-01
2.606577344701583310e-01 -2.524313969774633071e-01
2.618757612667478307e-01 -2.806236171054421469e-01
2.630937880633373860e-01 -3.194112271222300792e-01
2.643118148599268857e-01 -3.561857423974871817e-01
2.655298416565164410e-01 -3.703895735664212707e-01
2.667478684531059407e-01 -3.467565732986118698e-01
2.679658952496954960e-01 -2.817110123747808004e-01
2.691839220462849958e-01 -1.761900562656425473e-01
2.704019488428745510e-01 -3.464382794186707942e-02
2.716199756394640508e-01 1.252244373818452994e-01
2.728380024360536060e-01 2.745764359454997972e-01
2.740560292326431058e-01 3.884092056554352412e-01
2.752740560292326055e-01 4.521549086862407529e-01
2.764920828258221608e-01 4.574440640257982915e-01
2.777101096224116605e-01 4.045050549860421119e-01
2.789281364190012158e-01 3.112647039582285835e-01
2.801461632155907155e-01 2.082145535955509941e-01
2.813641900121802708e-01 1.212073585451340363e-01
2.825822168087697706e-01 6.669904132089886362e-02
2.838002436053593258e-01 5.708589084901551786e-02
2.850182704019488256e-01 9.660521348629846905e-02
2.862362971985383253e-01 1.723964705324709523e-01
2.874543239951278806e-01 2.602266712709847551e-01
2.886723507917173803e-01 3.400979815552075958e-01
2.898903775883069356e-01 3.992539851959072683e-01
2.911084043848964353e-01 4.258407898697064708e-01
2.923264311814859906e-01 4.138503581463980896e-01
2.935444579780754903e-01 3.716524810167926018e-01
2.947624847746650456e-01 3.148815913416698198e-01
2.959805115712545454e-01 2.535220492671597103e-01
2.971985383678441006e-01 1.939285306951320786e-01
2.984165651644336004e-01 1.473186500241945029e-01
2.996345919610231001e-01 1.240425507547679856e-01
3.008526187576126554e-01 1.234752989377091714e-01
3.020706455542021551e-01 1.399290202716909071e-01
3.032886723507917104e-01 1.723629307822846513e-01
3.045066991473812101e-01 2.189153718979988950e-01
3.057247259439707654e-01 2.683878436793674105e-01
3.069427527405602651e-01 3.067859751812316293e-01
3.081607795371498204e-01 3.269424099958587182e-01
3.093788063337393202e-01 3.238753695106210140e-01
3.105968331303288754e-01 2.887221646619438920e-01
3.118148599269183752e-01 2.179119500073112004e-01
3.130328867235078749e-01 1.222657000756493528e-01
3.142509135200974302e-01 1.873334541129572858e-02
3.154689403166869299e-01 -7.970091401059589686e-02
3.166869671132764852e-01 -1.599633032728311755e-01
3.179049939098659849e-01 -2.063140348366595267e-01
3.191230207064555402e-01 -2.124475605136766920e-01
3.203410475030450399e-01 -1.896892823261491223e-01
3.215590742996345952e-01 -1.566149662270925891e-01
3.227771010962240950e-01 -1.283082915499623999e-01
3.239951278928136502e-01 -1.204304376842740693e-01
3.252131546894031500e-01 -1.505621038659439304e-01
3.264311814859926497e-01 -2.248886057666740768e-01
3.276492082825822050e-01 -3.312088982010129579e-01
3.288672350791717047e-01 -4.499232018676745937e-01
3.300852618757612600e-01 -5.627657579673257526e-01
3.313032886723507597e-01 -6.485366817903235326e-01
3.325213154689403150e-01 -6.842380461905525069e-01
3.337393422655298147e-01 -6.596389441434521439e-01
3.349573690621193700e-01 -5.824677176120507394e-01
3.361753958587088698e-01 -4.656120407020076235e-01
3.373934226552984250e-01 -3.212708444188959733e-01
3.386114494518879248e-01 -1.689465695108056942e-01
3.398294762484774245e-01 -3.378187537275179758e-02
3.410475030450669798e-01 6.862160491733955425e-02
3.422655298416564795e-01 1.368748729508203477e-01
3.434835566382460348e-01 1.723591616750922983e-01
3.447015834348355345e-01 1.756973277139191603e-01
3.459196102314250898e-01 1.564183767407209547e-01
3.471376370280145895e-01 1.314107265171575722e-01
3.483556638246041448e-01 1.109002099893245386e-01
3.495736906211936446e-01 9.668864989717958214e-02
3.507917174177831443e-01 9.291430783737811283e-02
3.520097442143726996e-01 1.059800777929516963e-01
3.532277710109621993e-01 1.325844238818720544e-01
3.544457978075517546e-01 1.606853497454180379e-01
3.556638246041412543e-01 1.833495918707853667e-01
3.568818514007308096e-01 1.989673860570144448e-01
3.580998781973203093e-01 2.009233859140441281e-01
3.593179049939098646e-01 1.807552577298640328e-01
3.605359317904993643e-01 1.398328883775239451e-01
3.617539585870889196e-01 8.739633875233721039e-02
3.629719853836784194e-01 2.843332473624697598e-02
3.641900121802679191e-01 -3.505735331816344641e-02
3.654080389768574744e-01 -9.401298706751146095e-02
3.666260657734469741e-01 -1.382823011207003072e-01
3.678440925700365294e-01 -1.686253601949561920e-01
3.690621193666260291e-01 -1.914377630597643709e-01
3.702801461632155844e-01 -2.069643826000774067e-01
3.714981729598050841e-01 -2.128320383546462302e-01
3.727161997563946394e-01 -2.142964068347870954e-01
3.739342265529841391e-01 -2.185410337392739433e-01
3.751522533495736944e-01 -2.227118057088956493e-01
3.763702801461631942e-01 -2.200689565218657273e-01
3.775883069427526939e-01 -2.113897599363103175e-01
3.788063337393422492e-01 -1.992180416631541273e-01
3.800243605359317489e-01 -1.794306147523248574e-01
3.812423873325213042e-01 -1.488914029135233186e-01
3.824604141291108039e-01 -1.152750012697286858e-01
3.836784409257003592e-01 -8.796669863527836752e-02
3.848964677222898589e-01 -6.547149048678845007e-02
3.861144945188794142e-01 -4.340321080921414471e-02
3.873325213154689139e-01 -2.456942894345875983e-02
3.885505481120584692e-01 -1.080052345815848795e-02
3.897685749086479690e-01 4.920663999484061954e-03
3.909866017052374687e-01 2.961516945999956643e-02
3.922046285018270240e-01 6.134208167041875492e-02
3.934226552984165237e-01 9.751576792406600747e-02
3.946406820950060790e-01 1.423808080708059698e-01
3.958587088915955787e-01 1.956344779328612338e-01
3.970767356881851340e-01 2.457918416932212691e-01
3.982947624847746337e-01 2.833145266860019884e-01
3.995127892813641890e-01 3.092935228504622436e-01
4.007308160779536887e-01 3.258917687574476862e-01
4.019488428745432440e-01 3.295555911046420539e-01
4.031668696711327438e-01 3.215146094953580391e-01
4.043848964677222435e-01 3.134168516705305718e-01
4.056029232643117988e-01 3.136892936203298232e-01
4.068209500609012985e-01 3.207396268063785194e-01
4.080389768574908538e-01 3.340104900023613266e-01
4.092570036540803535e-01 3.575116067556720623e-01
4.104750304506699088e-01 3.884665287029076541e-01
4.116930572472594085e-01 4.145499910862495141e-01
4.129110840438489638e-01 4.281309459856468824e-01
4.141291108404384635e-01 4.314651628110169335e-01
4.153471376370280188e-01 4.240716043896202714e-01
4.165651644336175186e-01 4.003672859339461043e-01
4.177831912302070183e-01 3.625253598455704940e-01
4.190012180267965736e-01 3.208865866205944384e-01
4.202192448233860733e-01 2.799415169233677170e-01
4.214372716199756286e-01 2.353886688338373279e-01
4.226552984165651283e-01 1.868664602822639464e-01
4.238733252131546836e-01 1.404972836289224425e-01
4.250913520097441833e-01 9.645301699103746296e-02
4.263093788063337386e-01 4.988947648409819413e-02
4.275274056029232383e-01 4.724849761051639827e-03
4.287454323995127936e-01 -2.811618066238485633e-02
4.299634591961022934e-01 -4.535541552393389936e-02
4.311814859926917931e-01 -5.227639861537113769e-02
4.323995127892813484e-01 -5.028301384026005044e-02
4.336175395858708481e-01 -3.779143174846286840e-02
4.348355663824604034e-01 -2.309454908097248807e-02
4.360535931790499031e-01 -1.985714088945822811e-02
4.372716199756394584e-01 -3.145050006118684655e-02
4.384896467722289581e-01 -5.332918579925809144e-02
4.397076735688185134e-01 -8.557593598577159510e-02
4.409257003654080131e-01 -1.296652217457342215e-01
4.421437271619975129e-01 -1.765250296420896314e-01
4.433617539585870682e-01 -2.126417510887449736e-01
4.445797807551765679e-01 -2.356711031204898055e-01
4.457978075517661232e-01 -2.503106658510750315e-01
4.470158343483556229e-01 -2.558505707103919113e-01
4.482338611449451782e-01 -2.516262973726702823e-01
4.494518879415346779e-01 -2.476944137900621012e-01
4.506699147381242332e-01 -2.566104703638588114e-01
4.518879415347137329e-01 -2.793550284112958915e-01
4.531059683313032882e-01 -3.107501096874922819e-01
4.543239951278927879e-01 -3.510477730848738931e-01
4.555420219244822877e-01 -3.983304489140133131e-01
4.567600487210718430e-01 -4.385440665411044492e-01
4.579780755176613427e-01 -4.565814051255352446e-01
4.591961023142508980e-01 -4.498815544746007644e-01
4.604141291108403977e-01 -4.224552622355588483e-01
4.616321559074299530e-01 -3.757398588157330743e-01
4.628501827040194527e-01 -3.169107806887336287e-01
4.640682095006090080e-01 -2.658858875746781814e-01
4.652862362971985077e-01 -2.408627833173829225e-01
4.665042630937880630e-01 -2.449564015459343713e-01
4.677222898903775627e-01 -2.743161632126235872e-01
4.689403166869670625e-01 -3.265037541744885696e-01
4.701583434835566178e-01 -3.919530649114456033e-01
4.713763702801461175e-01 -4.493605851917891747e-01
4.725943970767356728e-01 -4.817088820250359227e-01
4.738124238733251725e-01 -4.881310777412571356e-01
4.750304506699147278e-01 -4.732148093150703727e-01
4.762484774665042275e-01 -4.382600342709032093e-01
4.774665042630937828e-01 -3.898530687446031817e-01
4.786845310596832825e-01 -3.426424285170941997e-01
4.799025578562728378e-01 -3.045045156596233316e-01
4.811205846528623375e-01 -2.693270513245963893e-01
4.823386114494518373e-01 -2.305340432389203775e-01
4.835566382460413926e-01 -1.883983233542310398e-01
4.847746650426308923e-01 -1.393701350424613183e-01
4.859926918392204476e-01 -7.447024144017824754e-02
4.872107186358099473e-01 5.431861037788332860e-03
4.884287454323995026e-01 8.640983305034530271e-02
4.896467722289890023e-01 1.581722919270449890e-01
4.908647990255785576e-01 2.212239740109697983e-01
4.920828258221680573e-01 2.750331464628950062e-01
4.933008526187576126e-01 3.150621179253469406e-01
4.945188794153471123e-01 3.452199478947308164e-01
4.957369062119366121e-01 3.779707236901345135e-01
4.969549330085261674e-01 4.185721815715027772e-01
4.981729598051156671e-01 4.619262419928685248e-01
4.993909866017052224e-01 5.061387073693732752e-01
5.006090133982947776e-01 5.541870245491576918e-01
5.018270401948842219e-01 6.007633197943619274e-01
5.030450669914737771e-01 6.334383138565561344e-01
5.042630937880633324e-01 6.477133936098753431e-01
5.054811205846528877e-01 6.470663570691066457e-01
5.066991473812423319e-01 6.300007308765996905e-01
5.079171741778318871e-01 5.914046829544010730e-01
5.091352009744214424e-01 5.357832883872913898e-01
5.103532277710108866e-01 4.737837058137358004e-01
5.115712545676004419e-01 4.068374868296394942e-01
5.127892813641899972e-01 3.308057817628431985e-01
5.140073081607795524e-01 2.506907050725663555e-01
5.152253349573689967e-01 1.763569079512248561e-01
5.164433617539585519e-01 1.077602868411240561e-01
5.176613885505481072e-01 3.782803416761221227e-02
5.188794153471376625e-01 -3.377297894097250341e-02
5.200974421437271067e-01 -1.036947849652236631e-01
5.213154689403166619e-01 -1.762102322965762302e-01
5.225334957369062172e-01 -2.555897665696120202e-01
5.237515225334956614e-01 -3.326905694752044229e-01
5.249695493300852167e-01 -3.922548901943483379e-01
5.261875761266747720e-01 -4.270814738088190565e-01
5.274056029232643272e-01 -4.343417414843733781e-01
5.286236297198537715e-01 -4.058871990550286246e-01
5.298416565164433267e-01 -3.374795649572948641e-01
5.310596833130328820e-01 -2.417983906862574695e-01
5.322777101096224373e-01 -1.379426849271078170e-01
5.334957369062118815e-01 -3.628482037295614054e-02
5.347137637028014368e-01 5.627121451691795284e-02
5.359317904993909920e-01 1.280174613073073453e-01
5.371498172959804362e-01 1.733405579570547750e-01
5.383678440925699915e-01 2.032890543603340094e-01
5.395858708891595468e-01 2.322832046552844032e-01
5.408038976857491020e-01 2.664619302097981923e-01
5.420219244823385463e-01 3.076820197429716575e-01
5.432399512789281015e-01 3.625182062414847861e-01
5.444579780755176568e-01 4.295465855261899057e-01
5.456760048721072121e-01 4.936881999590575498e-01
5.468940316686966563e-01 5.412572901630279265e-01
5.481120584652862116e-01 5.680561216074321296e-01
5.493300852618757668e-01 5.739542340698990941e-01
5.505481120584652110e-01 5.542840725359113874e-01
5.517661388550547663e-01 5.110398676487437619e-01
5.529841656516443216e-01 4.578700093419870720e-01
5.542021924482338768e-01 4.050186762132222396e-01
5.554202192448233211e-01 3.509936677046142095e-01
5.566382460414128763e-01 2.935733210963396012e-01
5.578562728380024316e-01 2.368969254543993042e-01
5.590742996345918758e-01 1.801699732560940181e-01
5.602923264311814311e-01 1.137382168964561208e-01
5.615103532277709864e-01 3.480670049704197300e-02
5.627283800243605416e-01 -4.764292350151972527e-02
5.639464068209499858e-01 -1.271678259319029558e-01
5.651644336175395411e-01 -2.046217994594697609e-01
5.663824604141290964e-01 -2.767396873979986460e-01
5.676004872107186516e-01 -3.338466978233504134e-01
5.688185140073080959e-01 -3.749823312064528014e-01
5.700365408038976511e-01 -4.112626913430265096e-01
5.712545676004872064e-01 -4.492496007748671416e-01
5.724725943970766506e-01 -4.864748759709236481e-01
5.736906211936662059e-01 -5.235671377699255835e-01
5.749086479902557612e-01 -5.644818003571593357e-01
5.761266747868453164e-01 -6.038170491121340744e-01
5.773447015834347606e-01 -6.273224237726769958e-01
5.785627283800243159e-01 -6.288241696011400705e-01
5.797807551766138712e-01 -6.129008869841239271e-01
5.809987819732034264e-01 -5.803941521986871743e-01
5.822168087697928707e-01 -5.293952785763412772e-01
5.834348355663824259e-01 -4.688235398471404802e-01
5.846528623629719812e-01 -4.148971238972317122e-01
5.858708891595614254e-01 -3.749527348489452572e-01
5.870889159561509807e-01 -3.461413352488776907e-01
5.883069427527405360e-01 -3.287027597921676203e-01
5.895249695493300912e-01 -3.246937617944864463e-01
5.907429963459195355e-01 -3.250548445381782336e-01
5.919610231425090907e-01 -3.160983913741309270e-01
5.931790499390986460e-01 -2.954094880275232593e-01
5.943970767356882012e-01 -2.683533946233613854e-01
5.956151035322776455e-01 -2.350334810640141159e-01
5.968331303288672007e-01 -1.932937252209727397e-01
5.980511571254567560e-01 -1.510501897122176196e-01
5.992691839220462002e-01 -1.196572557501322659e-01
6.004872107186357555e-01 -9.772649586354097140e-02
6.017052375152253108e-01 -7.659241616254895690e-02
6.029232643118148660e-01 -5.402610993986616678e-02
6.041412911084043103e-01 -3.015090791029109707e-02
6.053593179049938655e-01 2.456065044952960089e-03
6.065773447015834208e-01 4.986225649182132735e-02
6.077953714981729760e-01 1.065388963974167880e-01
6.090133982947624203e-01 1.607888589823132930e-01
6.102314250913519755e-01 2.093172890417181187e-01
6.114494518879415308e-01 2.504039967414166679e-01
6.126674786845309750e-01 2.736397943453199311e-01
6.138855054811205303e-01 2.709185974197568791e-01
6.151035322777100856e-01 2.477821644377502519e-01
6.163215590742996408e-01 2.143353697316022488e-01
6.175395858708890851e-01 1.725799532542879322e-01
6.187576126674786403e-01 1.244100608418523685e-01
6.199756394640681956e-01 8.142287381026167004e-02
6.211936662606577508e-01 5.279934483047114130e-02
6.224116930572471951e-01 3.556945273423735288e-02
6.236297198538367503e-01 2.567463430320344672e-02
6.248477466504263056e-01 2.654789291416858113e-02
6.260657734470157498e-01 3.908428017804208010e-02
6.272838002436053051e-01 5.338279222530414175e-02
6.285018270401948604e-01 6.083849076948836393e-02
6.297198538367844156e-01 6.341368852682778556e-02
6.309378806333738599e-01 6.128600648966291836e-02
6.321559074299634151e-01 4.632651070695439216e-02
6.333739342265529704e-01 1.527816384552754640e-02
6.345919610231425256e-01 -2.319171763294494357e-02
6.358099878197319699e-01 -6.015549106055868150e-02
6.370280146163215251e-01 -9.436206475024029594e-02
6.382460414129110804e-01 -1.210253790342740859e-01
6.394640682095005246e-01 -1.266067413858674717e-01
6.406820950060900799e-01 -1.044434685954017394e-01
6.419001218026796352e-01 -6.104747051013916653e-02
6.431181485992691904e-01 -3.379904541523919004e-03
6.443361753958586347e-01 6.550479233802719570e-02
6.455542021924481899e-01 1.361286663832212973e-01
6.467722289890377452e-01 1.910940443609682182e-01
6.479902557856273004e-01 2.205863415827899465e-01
6.492082825822167447e-01 2.289210643396532852e-01
6.504263093788062999e-01 2.201560448729749653e-01
6.516443361753958552e-01 1.962881129458901863e-01
6.528623629719852994e-01 1.699365920385621509e-01
6.540803897685748547e-01 1.618599234949558985e-01
6.552984165651644100e-01 1.835262243069804289e-01
6.565164433617539652e-01 2.319443951747758859e-01
6.577344701583434095e-01 3.028584894835941732e-01
6.589524969549329647e-01 3.930030987367782447e-01
6.601705237515225200e-01 4.875924205186172311e-01
6.613885505481120752e-01 5.644067139323847293e-01
6.626065773447015195e-01 6.116777677603076890e-01
6.638246041412910747e-01 6.301510747891551079e-01
6.650426309378806300e-01 6.217129936453201777e-01
6.662606577344700742e-01 5.899669376176934765e-01
6.674786845310596295e-01 5.510333191384499951e-01
6.686967113276491848e-01 5.262933505930552647e-01
6.699147381242387400e-01 5.225765174147009029e-01
6.711327649208281843e-01 5.330068539557879514e-01
6.723507917174177395e-01 5.512365689115795719e-01
6.735688185140072948e-01 5.698951375788020579e-01
6.747868453105968500e-01 5.715133744814433481e-01
6.760048721071862943e-01 5.371464599017968800e-01
6.772228989037758495e-01 4.644874340826377068e-01
6.784409257003654048e-01 3.645727705008968145e-01
6.796589524969548490e-01 2.456822387047853384e-01
6.808769792935444043e-01 1.158207870291752262e-01
6.820950060901339596e-01 -8.596744581570166938e-03
6.833130328867235148e-01 -1.120954303715776673e-01
6.845310596833129591e-01 -1.941088977805293658e-01
6.857490864799025143e-01 -2.624325855741165836e-01
6.869671132764920696e-01 -3.183673219137868049e-01
6.881851400730816248e-01 -3.611751954380251206e-01
6.894031668696710691e-01 -3.985099375170564895e-01
6.906211936662606243e-01 -4.369729939243440220e-01
6.918392204628501796e-01 -4.710999967805736266e-01
6.930572472594396238e-01 -4.934588657963158709e-01
6.942752740560291791e-01 -5.071605931170830583e-01
6.954933008526187344e-01 -5.182654616434529959e-01
6.967113276492082896e-01 -5.241393126199910268e-01
6.979293544457977339e-01 -5.221033053518873146e-01
6.991473812423872891e-01 -5.196644265067051904e-01
7.003654080389768444e-01 -5.219890180503787835e-01
7.015834348355662886e-01 -5.207996484696262307e-01
7.028014616321558439e-01 -5.062156531106809521e-01
7.040194884287453991e-01 -4.787423464263065309e-01
7.052375152253349544e-01 -4.407097619379840014e-01
7.064555420219243986e-01 -3.875475580771957640e-01
7.076735688185139539e-01 -3.191772382436441902e-01
7.088915956151035092e-01 -2.468612265290536512e-01
7.101096224116930644e-01 -1.798539504441652448e-01
7.113276492082825087e-01 -1.160980781130330902e-01
7.125456760048720639e-01 -5.444164993082522414e-02
7.137637028014616192e-01 -1.983280526189173422e-03
7.149817295980510634e-01 3.792038080112099252e-02
7.161997563946406187e-01 7.174543010670214604e-02
7.174177831912301739e-01 1.010408606559140832e-01
7.186358099878197292e-01 1.150056370014949786e-01
7.198538367844091734e-01 1.052678244407131009e-01
7.210718635809987287e-01 7.381541248643323783e-02
7.222898903775882840e-01 2.162577304553692584e-02
7.235079171741778392e-01 -5.569001889401163641e-02
7.247259439707672835e-01 -1.552863329264781711e-01
7.259439707673568387e-01 -2.632106033645075782e-01
7.271619975639463940e-01 -3.687269032034980465e-01
7.283800243605358382e-01 -4.701347080015866875e-01
7.295980511571253935e-01 -5.617663837586932551e-01
7.308160779537149487e-01 -6.328945622479109634e-01
7.320341047503045040e-01 -6.815524384328313090e-01
7.332521315468939482e-01 -7.154156217479566982e-01
7.344701583434835035e-01 -7.363746936035839852e-01
7.356881851400730588e-01 -7.381354123136584233e-01
7.369062119366626140e-01 -7.212444877582900871e-01
7.381242387332520583e-01 -6.946491586227802051e-01
7.393422655298416135e-01 -6.599116487991549818e-01
7.405602923264311688e-01 -6.098981734674575605e-01
7.417783191230206130e-01 -5.439167971300505888e-01
7.429963459196101683e-01 -4.685321127577672939e-01
7.442143727161997235e-01 -3.837267341627133566e-01
7.454323995127892788e-01 -2.831260409748841411e-01
7.466504263093787230e-01 -1.679446297128827648e-01
7.478684531059682783e-01 -4.593503237752183388e-02
7.490864799025578336e-01 8.201164224242935008e-02
7.503045066991473888e-01 2.180060644701329042e-01
7.515225334957368331e-01 3.530749817993034112e-01
7.527405602923263883e-01 4.717579880884857912e-01
7.539585870889159436e-01 5.697143161802047384e-01
7.551766138855053878e-01 6.498437142677629952e-01
7.563946406820949431e-01 7.084499172102250997e-01
7.576126674786844983e-01 7.395608441159908786e-01
7.588306942752740536e-01 7.480887613712026152e-01
7.600487210718634978e-01 7.425865309354351407e-01
7.612667478684530531e-01 7.231171266332639957e-01
7.624847746650426084e-01 6.859528647908614829e-01
7.637028014616321636e-01 6.364653953895963445e-01
7.649208282582216079e-01 5.821495156772161783e-01
7.661388550548111631e-01 5.198767356578604115e-01
7.673568818514007184e-01 4.441648758642354200e-01
7.685749086479901626e-01 3.596731043761874913e-01
7.697929354445797179e-01 2.777800150437564897e-01
7.710109622411692731e-01 2.008771598115555723e-01
7.722289890377588284e-01 1.286240678822375139e-01
7.734470158343482726e-01 7.019292335023637197e-02
7.746650426309378279e-01 3.172160630815860222e-02
7.758830694275273832e-01 6.035857692231492121e-03
7.771010962241169384e-01 -1.690428939549445952e-02
7.783191230207063827e-01 -3.894554238845550354e-02
7.795371498172959379e-01 -6.125457957503926965e-02
7.807551766138854932e-01 -9.269516872673017049e-02
7.819732034104749374e-01 -1.385058967389596052e-01
7.831912302070644927e-01 -1.889806236596493216e-01
7.844092570036540479e-01 -2.327452254123776598e-01
7.856272838002436032e-01 -2.672959206411563149e-01
7.868453105968330474e-01 -2.874077885663203213e-01
7.880633373934226027e-01 -2.787882703550317864e-01
7.892813641900121580e-01 -2.319214272937300814e-01
7.904993909866017132e-01 -1.526204775559889815e-01
7.917174177831911575e-01 -4.902463825253849938e-02
7.929354445797807127e-01 7.808246503680620065e-02
7.941534713763702680e-01 2.262114541866536155e-01
7.953714981729597122e-01 3.816332223911850785e-01
7.965895249695492675e-01 5.324628043206494077e-01
7.978075517661388227e-01 6.762234853956002878e-01
7.990255785627283780e-01 8.046509450285826981e-01
8.002436053593178222e-01 9.021921242046482270e-01
8.014616321559073775e-01 9.582180900644673427e-01
8.026796589524969328e-01 9.766751510705273809e-01
8.038976857490864880e-01 9.618497429960294332e-01
8.051157125456759323e-01 9.155764403270342244e-01
8.063337393422654875e-01 8.495107495715749080e-01
8.075517661388550428e-01 7.850927048942406561e-01
8.087697929354444870e-01 7.367645279796992686e-01
8.099878197320340423e-01 7.024570945201027428e-01
8.112058465286235975e-01 6.785796495749001345e-01
8.124238733252131528e-01 6.625917302203671033e-01
8.136419001218025970e-01 6.392229566970148991e-01
8.148599269183921523e-01 5.836637358277452226e-01
8.160779537149817076e-01 4.833748548302656545e-01
8.172959805115712628e-01 3.424852163960810936e-01
8.185140073081607071e-01 1.700907055541212021e-01
8.197320341047502623e-01 -2.406409373084785613e-02
8.209500609013398176e-01 -2.178136113474943292e-01
8.221680876979292618e-01 -3.848133131379286032e-01
8.233861144945188171e-01 -5.141494752076869457e-01
8.246041412911083723e-01 -6.112985299781443782e-01
8.258221680876979276e-01 -6.814833474951030867e-01
8.270401948842873718e-01 -7.280602122601380621e-01
8.282582216808769271e-01 -7.621702208746642393e-01
8.294762484774664824e-01 -7.952005515550699677e-01
8.306942752740560376e-01 -8.209898314693773180e-01
8.319123020706454819e-01 -8.208424210505834706e-01
8.331303288672350371e-01 -7.814944822980814942e-01
8.343483556638245924e-01 -6.980935681546523996e-01
8.355663824604140366e-01 -5.641602870161160910e-01
8.367844092570035919e-01 -3.808741265464210546e-01
8.380024360535931471e-01 -1.698907815343241312e-01
8.392204628501827024e-01 3.325009951318292495e-02
8.404384896467721466e-01 1.996858009966060998e-01
8.416565164433617019e-01 3.088190430307413692e-01
8.428745432399512572e-01 3.408356318124311501e-01
8.440925700365408124e-01 2.867474939201480888e-01
8.453105968331302567e-01 1.606560224355976230e-01
8.465286236297198119e-01 -1.018328225623007545e-02
8.477466504263093672e-01 -2.026216053391832472e-01
8.489646772228988114e-01 -3.972191407681266440e-01
8.501827040194883667e-01 -5.708853585496633798e-01
8.514007308160779219e-01 -7.077873155175712361e-01
8.526187576126674772e-01 -8.113125545587498433e-01
8.538367844092569214e-01 -8.916021305516549367e-01
8.550548112058464767e-01 -9.500958433338743125e-01
8.562728380024360320e-01 -9.852298312098448640e-01
8.574908647990255872e-01 -1.000000000000000000e+00
8.587088915956150315e-01 -9.914116226679292598e-01
8.599269183922045867e-01 -9.415673238141455403e-01
8.611449451887941420e-01 -8.321354563997647169e-01
8.623629719853835862e-01 -6.600024826598240857e-01
8.635809987819731415e-01 -4.313727111817945992e-01
8.647990255785626967e-01 -1.564237300073473003e-01
8.660170523751522520e-01 1.394431246299941696e-01
8.672350791717416962e-01 4.119583682012387116e-01
8.684531059683312515e-01 6.168055710935053115e-01
8.696711327649208068e-01 7.256277732349649678e-01
8.708891595615102510e-01 7.200906729120895022e-01
8.721071863580998063e-01 5.893844892392757773e-01
8.733252131546893615e-01 3.463329822970352412e-01
8.745432399512789168e-01 3.249934721800192688e-02
8.757612667478683610e-01 -3.008576801605748474e-01
8.769792935444579163e-01 -6.072138420131772962e-01
8.781973203410474715e-01 -8.417548457921997240e-01
8.794153471376370268e-01 -9.636026731336506668e-01
8.806333739342264710e-01 -9.541272718351661020e-01
8.818514007308160263e-01 -8.238865499821397265e-01
8.830694275274055816e-01 -5.972108105454438931e-01
8.842874543239950258e-01 -3.045695154878817479e-01
8.855054811205845811e-01 9.193584074549747756e-03
8.867235079171741363e-01 2.881241182302687887e-01
8.879415347137636916e-01 4.848550033676284343e-01
8.891595615103531358e-01 5.696744757479170751e-01
8.903775883069426911e-01 5.227918519072675130e-01
8.915956151035322463e-01 3.384105405379269627e-01
8.928136419001218016e-01 4.442731046439148124e-02
8.940316686967112458e-01 -2.933621942578894526e-01
8.952496954933008011e-01 -5.866785490646909684e-01
8.964677222898903564e-01 -7.388835431086425709e-01
8.976857490864798006e-01 -6.630837057154856939e-01
8.989037758830693559e-01 -3.271748437851783042e-01
9.001218026796589111e-01 1.872948882656709502e-01
9.013398294762484664e-01 6.704497833629077252e-01
9.025578562728379106e-01 8.586695750320119114e-01
9.037758830694274659e-01 5.931174208515562762e-01
9.049939098660170211e-01 -1.199184796962676075e-02
9.062119366626065764e-01 -5.608545716750475973e-01
9.074299634591960206e-01 -6.525259376838168368e-01
9.086479902557855759e-01 -2.525397791941763059e-01
9.098660170523751312e-01 2.598460959033028206e-01
9.110840438489645754e-01 4.762493122861240491e-01
9.123020706455541307e-01 3.487609764645084320e-01
9.135200974421436859e-01 1.573727748569204443e-01
9.147381242387332412e-01 1.561593366974789732e-01
9.159561510353226854e-01 3.301871667612411576e-01
9.171741778319122407e-01 4.810780068264755571e-01
9.183922046285017959e-01 4.679576834784353045e-01
9.196102314250913512e-01 3.254752852865595014e-01
9.208282582216807954e-01 1.841843545111575275e-01
9.220462850182703507e-01 1.272615782792548556e-01
9.232643118148599060e-01 1.346114328451370745e-01
9.244823386114493502e-01 1.401575046187290841e-01
9.257003654080389055e-01 1.135636139206969014e-01
9.269183922046284607e-01 7.887715564545422220e-02
9.281364190012180160e-01 7.072313154200168817e-02
9.293544457978074602e-01 9.305465482725361337e-02
9.305724725943970155e-01 1.233630316516984848e-01
9.317904993909865707e-01 1.413905947962803278e-01
9.330085261875761260e-01 1.434497510205751392e-01
9.342265529841655702e-01 1.365104983719864495e-01
9.354445797807551255e-01 1.278697604454126779e-01
9.366626065773446808e-01 1.198180265785027121e-01
9.378806333739341250e-01 1.098060114913061297e-01
9.390986601705236803e-01 9.509791162722541769e-02
9.403166869671132355e-01 7.802039094811086262e-02
9.415347137637027908e-01 6.451513338020058164e-02
9.427527405602922350e-01 5.733181235366650169e-02
9.439707673568817903e-01 5.392250899828968796e-02
9.451887941534713455e-01 5.089034841768200201e-02
9.464068209500609008e-01 4.717642149300478593e-02
9.476248477466503450e-01 4.259399663191597296e-02
9.488428745432399003e-01 3.640570391743649936e-02
9.500609013398294556e-01 2.865486032667865710e-02
9.512789281364188998e-01 2.069549684133781264e-02
9.524969549330084551e-01 1.366391237932770147e-02
9.537149817295980103e-01 8.047905890338435952e-03
9.549330085261875656e-01 4.619551665738021520e-03
9.561510353227770098e-01 4.198806238926847297e-03
9.573690621193665651e-01 6.366523668574056161e-03
9.585870889159561203e-01 9.532735051775816787e-03
9.598051157125456756e-01 1.236697780400013505e-02
9.610231425091351198e-01 1.425381382162910736e-02
9.622411693057246751e-01 1.468462959764863830e-02
9.634591961023142304e-01 1.330837120767524098e-02
9.646772228989036746e-01 1.047397872328404388e-02
9.658952496954932299e-01 7.035469468400092942e-03
9.671132764920827851e-01 3.675486927895121794e-03
9.683313032886723404e-01 7.792565436336245342e-04
9.695493300852617846e-01 -1.291555208006905974e-03
9.707673568818513399e-01 -2.315227667625089757e-03
9.719853836784408951e-01 -2.461451763955722818e-03
9.732034104750304504e-01 -2.113908913895088792e-03
9.744214372716198946e-01 -1.564850322900996965e-03
9.756394640682094499e-01 -9.975635814170507112e-04
9.768574908647990052e-01 -5.777402820447063644e-04
9.780755176613884494e-01 -3.918954736822392805e-04
9.792935444579780047e-01 -3.800946023599211486e-04
9.805115712545675599e-01 -4.300210139588229162e-04
9.817295980511571152e-01 -4.774516120271855434e-04
9.829476248477465594e-01 -4.938207993798587056e-04
9.841656516443361147e-01 -4.591449258280610600e-04
9.853836784409256699e-01 -3.777919242931543180e-04
9.866017052375152252e-01 -2.804947752547954200e-04
9.878197320341046694e-01 -1.941032767217133552e-04
9.890377588306942247e-01 -1.265467523392791230e-04
9.902557856272837800e-01 -7.761031128978132965e-05
9.914738124238732242e-01 -4.569386621909261382e-05
9.926918392204627795e-01 -2.630016826836312628e-05
9.939098660170523347e-01 -1.425936638661002470e-05
9.951278928136418900e-01 -6.722698260937591847e-06
9.963459196102313342e-01 -2.518397965117146802e-06
9.975639464068208895e-01 -6.350991562091135600e-07
9.987819732034104447e-01 -6.643188769734029122e-08
1.000000000000000000e+00 -0.000000000000000000e+00
