0.000000000000000000e+00 -2.412006838158735926e-21
1.164144353899883560e-03 7.140750396773981633e-05
2.328288707799767120e-03 2.884987822008511704e-04
3.492433061699650679e-03 6.309973202890973307e-04
4.656577415599534239e-03 1.091227304200971873e-03
5.820721769499418233e-03 1.650237778285880332e-03
6.984866123399301359e-03 2.291981065455971599e-03
8.149010477299184485e-03 2.997187354033241640e-03
9.313154831199068479e-03 3.745386770923418273e-03
1.047729918509895247e-02 4.515012779672974291e-03
1.164144353899883647e-02 5.283070537023842883e-03
1.280558789289871872e-02 6.026014904478274072e-03
1.396973224679860272e-02 6.719438702702970785e-03
1.513387660069848671e-02 7.338443036448455414e-03
1.629802095459836897e-02 7.857752088848687921e-03
1.746216530849825296e-02 8.251944195757508066e-03
1.862630966239813696e-02 8.495641277943933450e-03
1.979045401629802095e-02 8.563716872345854270e-03
2.095459837019790494e-02 8.431499753537841785e-03
2.211874272409778894e-02 8.074978470605960468e-03
2.328288707799767293e-02 7.471003941112351610e-03
2.444703143189755346e-02 6.597489005201129242e-03
2.561117578579743745e-02 5.433603647168609892e-03
2.677532013969732144e-02 3.959964607539072715e-03
2.793946449359720544e-02 2.158818132073061537e-03
2.910360884749708943e-02 1.421463507473145720e-05
3.026775320139697342e-02 -2.487825907175317437e-03
3.143189755529685742e-02 -5.359158971303017334e-03
3.259604190919673794e-02 -8.609371995923462834e-03
3.376018626309662540e-02 -1.224565341203784005e-02
3.492433061699650593e-02 -1.627267515450484328e-02
3.608847497089639339e-02 -2.069248954120973122e-02
3.725261932479627391e-02 -2.550444132869405037e-02
3.841676367869615444e-02 -3.070509566929263343e-02
3.958090803259604190e-02 -3.628818260601587853e-02
4.074505238649592243e-02 -4.224455864721741311e-02
4.190919674039580989e-02 -4.856218586562023598e-02
4.307334109429569041e-02 -5.522612886639965274e-02
4.423748544819557788e-02 -6.221856986599107880e-02
4.540162980209545840e-02 -6.951884201743251113e-02
4.656577415599534586e-02 -7.710348101028605128e-02
4.772991850989522639e-02 -8.494629486477660307e-02
4.889406286379510691e-02 -9.301845173075781736e-02
5.005820721769499437e-02 -1.012885853932685154e-01
5.122235157159487490e-02 -1.097229180785747604e-01
5.238649592549476236e-02 -1.182854000480138140e-01
5.355064027939464288e-02 -1.269378653625112818e-01
5.471478463329453035e-02 -1.356402030990282448e-01
5.587892898719441087e-02 -1.443505432018114543e-01
5.704307334109429140e-02 -1.530254560572140710e-01
5.820721769499417886e-02 -1.616201647903145189e-01
5.937136204889405938e-02 -1.700887691962733594e-01
6.053550640279394685e-02 -1.783844801406297143e-01
6.169965075669382737e-02 -1.864598631895235947e-01
6.286379511059371483e-02 -1.942670901643833437e-01
6.402793946449360230e-02 -2.017581972560653913e-01
6.519208381839347588e-02 -2.088853482813382290e-01
6.635622817229336334e-02 -2.156011016204861519e-01
6.752037252619325081e-02 -2.218586793387678502e-01
6.868451688009312439e-02 -2.276122369693194814e-01
6.984866123399301185e-02 -2.328171324132378983e-01
7.101280558789289932e-02 -2.374301923975395412e-01
7.217694994179278678e-02 -2.414099749328968425e-01
7.334109429569266037e-02 -2.447170262218021086e-01
7.450523864959254783e-02 -2.473141304844176658e-01
7.566938300349243529e-02 -2.491665511953284340e-01
7.683352735739230888e-02 -2.502422622590459445e-01
7.799767171129219634e-02 -2.505121676958368404e-01
7.916181606519208380e-02 -2.499503084617035742e-01
8.032596041909197127e-02 -2.485340550871064647e-01
8.149010477299184485e-02 -2.462442848878989010e-01
8.265424912689173231e-02 -2.430655425785974433e-01
8.381839348079161978e-02 -2.389861832022978638e-01
8.498253783469149336e-02 -2.339984963826009512e-01
8.614668218859138082e-02 -2.280988110006150205e-01
8.731082654249126829e-02 -2.212875795036666760e-01
8.847497089639115575e-02 -2.135694411614207644e-01
8.963911525029102934e-02 -2.049532636992251189e-01
9.080325960419091680e-02 -1.954521628563022362e-01
9.196740395809080426e-02 -1.850834995384963433e-01
9.313154831199069172e-02 -1.738688543596280667e-01
9.429569266589056531e-02 -1.618339794923217279e-01
9.545983701979045277e-02 -1.490087278775364121e-01
9.662398137369034024e-02 -1.354269599714051919e-01
9.778812572759021382e-02 -1.211264283382911394e-01
9.895227008149010128e-02 -1.061486405246316739e-01
1.001164144353899887e-01 -9.053870077396795890e-02
1.012805587892898762e-01 -7.434513126900153812e-02
1.024447031431897498e-01 -5.761967370974518249e-02
1.036088474970896373e-01 -4.041707215357035615e-02
1.047729918509895247e-01 -2.279483815199570204e-02
1.059371362048893983e-01 -4.812999327809567782e-03
1.071012805587892858e-01 1.346616736039513498e-02
1.082654249126891732e-01 3.197841634248123344e-02
1.094295692665890607e-01 5.065782670745255095e-02
1.105937136204889343e-01 6.943710605913423761e-02
1.117578579743888217e-01 8.824790614906670438e-02
1.129220023282887092e-01 1.070211378569622257e-01
1.140861466821885828e-01 1.256873177484662540e-01
1.152502910360884703e-01 1.441768512244509248e-01
1.164144353899883577e-01 1.624204797913431642e-01
1.175785797438882452e-01 1.803492320965820739e-01
1.187427240977881188e-01 1.978956620861902493e-01
1.199068684516880062e-01 2.149925201491311444e-01
1.210710128055878937e-01 2.315760571937477419e-01
1.222351571594877673e-01 2.475813835222621939e-01
1.233993015133876547e-01 2.629504190129078323e-01
1.245634458672875422e-01 2.776202400325188946e-01
1.257275902211874297e-01 2.915604053427862663e-01
1.268917345750873171e-01 3.048099008064611981e-01
1.280558789289872046e-01 3.173554005522636334e-01
1.292200232828870643e-01 3.291613653604036349e-01
1.303841676367869518e-01 3.402003282561306130e-01
1.315483119906868392e-01 3.504424264471649453e-01
1.327124563445867267e-01 3.598623889351378891e-01
1.338766006984866141e-01 3.684350315183502755e-01
1.350407450523865016e-01 3.761381040619150573e-01
1.362048894062863891e-01 3.829507716606002643e-01
1.373690337601862488e-01 3.888545460438063150e-01
1.385331781140861362e-01 3.938329704591235214e-01
1.396973224679860237e-01 3.978717861005853784e-01
1.408614668218859112e-01 4.009589267821638270e-01
1.420256111757857986e-01 4.030845779900075199e-01
1.431897555296856861e-01 4.042412045745458760e-01
1.443538998835855736e-01 4.044235819062816373e-01
1.455180442374854333e-01 4.036288191757538835e-01
1.466821885913853207e-01 4.018563776895793249e-01
1.478463329452852082e-01 3.991080835652343062e-01
1.490104772991850957e-01 3.953881347657122181e-01
1.501746216530849831e-01 3.907031024289869259e-01
1.513387660069848706e-01 3.850619264479949733e-01
1.525029103608847580e-01 3.784759052705015114e-01
1.536670547147846178e-01 3.709586799018154135e-01
1.548311990686845052e-01 3.625262121071442523e-01
1.559953434225843927e-01 3.531967568245263367e-01
1.571594877764842801e-01 3.429908288138536765e-01
1.583236321303841676e-01 3.319311635816966088e-01
1.594877764842840551e-01 3.200426726360480756e-01
1.606519208381839425e-01 3.073523931393626341e-01
1.618160651920838022e-01 2.938894320426301277e-01
1.629802095459836897e-01 2.796849047975825675e-01
1.641443538998835772e-01 2.647718687580407626e-01
1.653084982537834646e-01 2.491852513957283632e-01
1.664726426076833521e-01 2.329617734710018873e-01
1.676367869615832396e-01 2.161398673182677865e-01
1.688009313154831270e-01 1.987595904107821720e-01
1.699650756693829867e-01 1.808625343756384285e-01
1.711292200232828742e-01 1.624917296517084109e-01
1.722933643771827616e-01 1.436915459947516460e-01
1.734575087310826491e-01 1.245075890454936107e-01
1.746216530849825366e-01 1.049865931869891356e-01
1.757857974388824240e-01 8.517631093014386978e-02
1.769499417927823115e-01 6.512539908906077313e-02
1.781140861466821712e-01 4.488330201036705436e-02
1.792782305005820587e-01 2.450013211830702128e-02
1.804423748544819461e-01 4.026548051145001882e-03
1.816065192083818336e-01 -1.648636932561237806e-02
1.827706635622817211e-01 -3.698724273668931029e-02
1.839348079161816085e-01 -5.742452584504299101e-02
1.850989522700814960e-01 -7.774663182457063060e-02
1.862630966239813834e-01 -9.790206284539984538e-02
1.874272409778812432e-01 -1.178395401555739214e-01
1.885913853317811306e-01 -1.375081344420423513e-01
1.897555296856810181e-01 -1.568573961514244663e-01
1.909196740395809055e-01 -1.758374854428499390e-01
1.920838183934807930e-01 -1.943993014341880432e-01
1.932479627473806805e-01 -2.124946104058373364e-01
1.944121071012805679e-01 -2.300761726293826526e-01
1.955762514551804276e-01 -2.470978674898314797e-01
1.967403958090803151e-01 -2.635148165681027166e-01
1.979045401629802026e-01 -2.792835043525612182e-01
1.990686845168800900e-01 -2.943618962607985612e-01
2.002328288707799775e-01 -3.087095536547234675e-01
2.013969732246798650e-01 -3.222877455335029784e-01
2.025611175785797524e-01 -3.350595565945631571e-01
2.037252619324796121e-01 -3.469899913591363849e-01
2.048894062863794996e-01 -3.580460740661559615e-01
2.060535506402793871e-01 -3.681969440468197408e-01
2.072176949941792745e-01 -3.774139463028726715e-01
2.083818393480791620e-01 -3.856707170163768961e-01
2.095459837019790494e-01 -3.929432637281645158e-01
2.107101280558789369e-01 -3.992100399366300123e-01
2.118742724097787966e-01 -4.044520138818959443e-01
2.130384167636786841e-01 -4.086527312883900809e-01
2.142025611175785715e-01 -4.117983718513273383e-01
2.153667054714784590e-01 -4.138777992706308417e-01
2.165308498253783465e-01 -4.148826046512328891e-01
2.176949941792782339e-01 -4.148071431044222379e-01
2.188591385331781214e-01 -4.136485634009722800e-01
2.200232828870779811e-01 -4.114068305436014983e-01
2.211874272409778686e-01 -4.080847411434901373e-01
2.223515715948777560e-01 -4.036879315027323556e-01
2.235157159487776435e-01 -3.982248783219480837e-01
2.246798603026775309e-01 -3.917068919715949726e-01
2.258440046565774184e-01 -3.841481022852635263e-01
2.270081490104773059e-01 -3.755654368524545261e-01
2.281722933643771656e-01 -3.659785918080195599e-01
2.293364377182770530e-01 -3.554099951349795616e-01
2.305005820721769405e-01 -3.438847625175551759e-01
2.316647264260768280e-01 -3.314306458011445078e-01
2.328288707799767154e-01 -3.180779741360178492e-01
2.339930151338766029e-01 -3.038595879034129421e-01
2.351571594877764904e-01 -2.888107655452656908e-01
2.363213038416763501e-01 -2.729691434357129354e-01
2.374854481955762375e-01 -2.563746289481069751e-01
2.386495925494761250e-01 -2.390693068925207054e-01
2.398137369033760125e-01 -2.210973395216470905e-01
2.409778812572758999e-01 -2.025048603141640646e-01
2.421420256111757874e-01 -1.833398617606893655e-01
2.433061699650756748e-01 -1.636520774008063117e-01
2.444703143189755346e-01 -1.434928583778366240e-01
2.456344586728754220e-01 -1.229150447951751490e-01
2.467986030267753095e-01 -1.019728321749922284e-01
2.479627473806751969e-01 -8.072163333566574617e-02
2.491268917345750844e-01 -5.921793601973895926e-02
2.502910360884749719e-01 -3.751915661898094084e-02
2.514551804423748593e-01 -1.568349035691571358e-02
2.526193247962747468e-01 6.230241697294545966e-03
2.537834691501746343e-01 2.816274839800186891e-02
2.549476135040745217e-01 5.005442667796991540e-02
2.561117578579744092e-01 7.184552168167487873e-02
2.572759022118742411e-01 9.347628846021598104e-02
2.584400465657741286e-01 1.148871548024830019e-01
2.596041909196740161e-01 1.360188847700975201e-01
2.607683352735739035e-01 1.568127424974289641e-01
2.619324796274737910e-01 1.772106558114345531e-01
2.630966239813736784e-01 1.971553792192614063e-01
2.642607683352735659e-01 2.165906558153155581e-01
2.654249126891734534e-01 2.354613776605115893e-01
2.665890570430733408e-01 2.537137441821971096e-01
2.677532013969732283e-01 2.712954181438961831e-01
2.689173457508731158e-01 2.881556787354825899e-01
2.700814901047730032e-01 3.042455713382436477e-01
2.712456344586728907e-01 3.195180535234102837e-01
2.724097788125727782e-01 3.339281368487276302e-01
2.735739231664726101e-01 3.474330240252532231e-01
2.747380675203724976e-01 3.599922410362120240e-01
2.759022118742723850e-01 3.715677637953490597e-01
2.770663562281722725e-01 3.821241389417655565e-01
2.782305005820721600e-01 3.916285983830674056e-01
2.793946449359720474e-01 4.000511672120006801e-01
2.805587892898719349e-01 4.073647646364952357e-01
2.817229336437718223e-01 4.135452975827355049e-01
2.828870779976717098e-01 4.185717466465942449e-01
2.840512223515715973e-01 4.224262440772947880e-01
2.852153667054714847e-01 4.250941434987103307e-01
2.863795110593713722e-01 4.265640810968189811e-01
2.875436554132712597e-01 4.268280280225215662e-01
2.887077997671711471e-01 4.258813337815152700e-01
2.898719441210709791e-01 4.237227604055898711e-01
2.910360884749708665e-01 4.203545072238161762e-01
2.922002328288707540e-01 4.157822260772710554e-01
2.933643771827706415e-01 4.100150268514763385e-01
2.945285215366705289e-01 4.030654732287967112e-01
2.956926658905704164e-01 3.949495685827930647e-01
2.968568102444703039e-01 3.856867319621058998e-01
2.980209545983701913e-01 3.752997641383431504e-01
2.991850989522700788e-01 3.638148037207263319e-01
3.003492433061699662e-01 3.512612733599444481e-01
3.015133876600698537e-01 3.376718160842182015e-01
3.026775320139697412e-01 3.230822218578771055e-01
3.038416763678696286e-01 3.075313444855539147e-01
3.050058207217695161e-01 2.910610090100099745e-01
3.061699650756694036e-01 2.737159097811288633e-01
3.073341094295692355e-01 2.555434994093092049e-01
3.084982537834691230e-01 2.365938688630522257e-01
3.096623981373690104e-01 2.169196189732314206e-01
3.108265424912688979e-01 1.965757236191666979e-01
3.119906868451687854e-01 1.756193849112263894e-01
3.131548311990686728e-01 1.541098807124267889e-01
3.143189755529685603e-01 1.321084048668652866e-01
3.154831199068684477e-01 1.096779005270460960e-01
3.166472642607683352e-01 8.688288697357504642e-02
3.178114086146682227e-01 6.378928036513141497e-02
3.189755529685681101e-01 4.046420891573149214e-02
3.201396973224679976e-01 1.697582299774205369e-02
3.213038416763678851e-01 -6.606899319543693000e-03
3.224679860302677725e-01 -3.021435075091573677e-02
3.236321303841676045e-01 -5.377649670994527620e-02
3.247962747380674919e-01 -7.722308011477579948e-02
3.259604190919673794e-01 -1.004838285439195317e-01
3.271245634458672669e-01 -1.234886631566138732e-01
3.282887077997671543e-01 -1.461679087835649482e-01
3.294528521536670418e-01 -1.684525045890558625e-01
3.306169965075669293e-01 -1.902742146867819617e-01
3.317811408614668167e-01 -2.115658380732786392e-01
3.329452852153667042e-01 -2.322614172477198979e-01
3.341094295692665916e-01 -2.522964448831756523e-01
3.352735739231664791e-01 -2.716080679143562659e-01
3.364377182770663666e-01 -2.901352884058099324e-01
3.376018626309662540e-01 -3.078191605836649303e-01
3.387660069848661415e-01 -3.246029834087089117e-01
3.399301513387659734e-01 -3.404324880326825564e-01
3.410942956926658609e-01 -3.552560195035681656e-01
3.422584400465657484e-01 -3.690247121097960936e-01
3.434225844004656358e-01 -3.816926577640634699e-01
3.445867287543655233e-01 -3.932170668426915316e-01
3.457508731082654108e-01 -4.035584209103159070e-01
3.469150174621652982e-01 -4.126806167718571339e-01
3.480791618160651857e-01 -4.205511013284193300e-01
3.492433061699650731e-01 -4.271409967454390944e-01
3.504074505238649606e-01 -4.324252154513530400e-01
3.515715948777648481e-01 -4.363825645081123583e-01
3.527357392316647355e-01 -4.389958389209318579e-01
3.538998835855646230e-01 -4.402519034847744428e-01
3.550640279394645105e-01 -4.401417627898659424e-01
3.562281722933643424e-01 -4.386606190267587913e-01
3.573923166472642299e-01 -4.358079172725892736e-01
3.585564610011641173e-01 -4.315873779830359802e-01
3.597206053550640048e-01 -4.260070164510034174e-01
3.608847497089638923e-01 -4.190791490318087620e-01
3.620488940628637797e-01 -4.108203859741745845e-01
3.632130384167636672e-01 -4.012516107364290097e-01
3.643771827706635547e-01 -3.903979457218894056e-01
3.655413271245634421e-01 -3.782887044154957801e-01
3.667054714784633296e-01 -3.649573299252764635e-01
3.678696158323632170e-01 -3.504413199696830294e-01
3.690337601862631045e-01 -3.347821383952624408e-01
3.701979045401629920e-01 -3.180251133252474660e-01
3.713620488940628794e-01 -3.002193220955403641e-01
3.725261932479627669e-01 -2.814174632119855746e-01
3.736903376018625988e-01 -2.616757156002680329e-01
3.748544819557624863e-01 -2.410535854626483787e-01
3.760186263096623738e-01 -2.196137410859367589e-01
3.771827706635622612e-01 -1.974218359873318729e-01
3.783469150174621487e-01 -1.745463208376589470e-01
3.795110593713620362e-01 -1.510582446400166312e-01
3.806752037252619236e-01 -1.270310456847624503e-01
3.818393480791618111e-01 -1.025403328338299475e-01
3.830034924330616986e-01 -7.766365776996655979e-02
3.841676367869615860e-01 -5.248027889773447530e-02
3.853317811408614735e-01 -2.707091751562558726e-02
3.864959254947613609e-01 -1.517506913616968600e-03
3.876600698486612484e-01 2.409706493229344174e-02
3.888242142025611359e-01 4.968921833013287964e-02
3.899883585564609678e-01 7.517494966183098370e-02
3.911525029103608553e-01 1.004701031626630547e-01
3.923166472642607427e-01 1.254906458483998899e-01
3.934807916181606302e-01 1.501529447262248962e-01
3.946449359720605177e-01 1.743740454069411527e-01
3.958090803259604051e-01 1.980719512185721010e-01
3.969732246798602926e-01 2.211659019082062028e-01
3.981373690337601801e-01 2.435766510073249513e-01
3.993015133876600675e-01 2.652267409279286392e-01
4.004656577415599550e-01 2.860407748400626837e-01
4.016298020954598424e-01 3.059456843831844242e-01
4.027939464493597299e-01 3.248709922928389449e-01
4.039580908032596174e-01 3.427490690199295198e-01
4.051222351571595048e-01 3.595153824166489320e-01
4.062863795110593368e-01 3.751087395738860741e-01
4.074505238649592243e-01 3.894715199084623491e-01
4.086146682188591117e-01 4.025498986170525373e-01
4.097788125727589992e-01 4.142940596295124900e-01
4.109429569266588866e-01 4.246583972167476961e-01
4.121071012805587741e-01 4.336017054341203547e-01
4.132712456344586616e-01 4.410873546216627084e-01
4.144353899883585490e-01 4.470834541996145939e-01
4.155995343422584365e-01 4.515630010115079251e-01
4.167636786961583240e-01 4.545040125233048567e-01
4.179278230500582114e-01 4.558896442361635160e-01
4.190919674039580989e-01 4.557082907133102601e-01
4.202561117578579863e-01 4.539536696814445715e-01
4.214202561117578738e-01 4.506248887350354226e-01
4.225844004656577058e-01 4.457264942088355331e-01
4.237485448195575932e-01 4.392685018261244800e-01
4.249126891734574807e-01 4.312664087863202211e-01
4.260768335273573681e-01 4.217411870135650553e-01
4.272409778812572556e-01 4.107192573386049816e-01
4.284051222351571431e-01 3.982324444185590950e-01
4.295692665890570305e-01 3.843179122825813310e-01
4.307334109429569180e-01 3.690180804871297515e-01
4.318975552968568055e-01 3.523805209263978777e-01
4.330616996507566929e-01 3.344578354181380053e-01
4.342258440046565804e-01 3.153075142516552631e-01
4.353899883585564679e-01 2.949917759592872724e-01
4.365541327124563553e-01 2.735773886883917649e-01
4.377182770663562428e-01 2.511354735736384125e-01
4.388824214202560747e-01 2.277412905388375985e-01
4.400465657741559622e-01 2.034740070683204449e-01
4.412107101280558497e-01 1.784164505561235403e-01
4.423748544819557371e-01 1.526548448799142088e-01
4.435389988358556246e-01 1.262785319127090744e-01
4.447031431897555120e-01 9.937967875800722550e-02
4.458672875436553995e-01 7.205297149409253810e-02
4.470314318975552870e-01 4.439529630801342108e-02
4.481955762514551744e-01 1.650540905869505443e-02
4.493597206053550619e-01 -1.151640566501212215e-02
4.505238649592549494e-01 -3.956868489774332392e-02
4.516880093131548368e-01 -6.754914585770277480e-02
4.528521536670547243e-01 -9.535505145460661247e-02
4.540162980209546117e-01 -1.228835815742506943e-01
4.551804423748544992e-01 -1.500322088952821542e-01
4.563445867287543312e-01 -1.766990779172868398e-01
4.575087310826542186e-01 -2.027833858716343585e-01
4.586728754365541061e-01 -2.281857641527338942e-01
4.598370197904539936e-01 -2.528086589009895802e-01
4.610011641443538810e-01 -2.765567093859110370e-01
4.621653084982537685e-01 -2.993371227449546645e-01
4.633294528521536559e-01 -3.210600435845281098e-01
4.644935972060535434e-01 -3.416389169979545670e-01
4.656577415599534309e-01 -3.609908435654879399e-01
4.668218859138533183e-01 -3.790369249277062980e-01
4.679860302677532058e-01 -3.957025984846499478e-01
4.691501746216530933e-01 -4.109179597422498165e-01
4.703143189755529807e-01 -4.246180709395038777e-01
4.714784633294528682e-01 -4.367432546644682834e-01
4.726426076833527001e-01 -4.472393711544312978e-01
4.738067520372525876e-01 -4.560580780210294338e-01
4.749708963911524751e-01 -4.631570712084418506e-01
4.761350407450523625e-01 -4.685003059882874576e-01
4.772991850989522500e-01 -4.720581968334675027e-01
4.784633294528521374e-01 -4.738077951029383561e-01
4.796274738067520249e-01 -4.737329434964444030e-01
4.807916181606519124e-01 -4.718244062986775567e-01
4.819557625145517998e-01 -4.680799745431895031e-01
4.831199068684516873e-01 -4.625045453156741981e-01
4.842840512223515748e-01 -4.551101745037691715e-01
4.854481955762514622e-01 -4.459161023961759618e-01
4.866123399301513497e-01 -4.349487516466868375e-01
4.877764842840512372e-01 -4.222416972145568437e-01
4.889406286379510691e-01 -4.078356079771233711e-01
4.901047729918509566e-01 -3.917781598150867906e-01
4.912689173457508440e-01 -3.741239200777549678e-01
4.924330616996507315e-01 -3.549342034467720119e-01
4.935972060535506190e-01 -3.342768993283097290e-01
4.947613504074505064e-01 -3.122262710184475765e-01
4.959254947613503939e-01 -2.888627269937608655e-01
4.970896391152502813e-01 -2.642725647847761761e-01
4.982537834691501688e-01 -2.385476880369249986e-01
4.994179278230500563e-01 -2.117852974841305524e-01
5.005820721769499437e-01 -1.840875566590171597e-01
5.017462165308498312e-01 -1.555612332835336342e-01
5.029103608847497187e-01 -1.263173173997135246e-01
5.040745052386496061e-01 -9.647061741108163557e-02
5.052386495925494936e-01 -6.613933531686892742e-02
5.064027939464493810e-01 -3.544462253189034628e-02
5.075669383003492685e-01 -4.510117829480998763e-03
5.087310826542491560e-01 2.653853098698186891e-02
5.098952270081490434e-01 5.757416004905159534e-02
5.110593713620489309e-01 8.846859526655850847e-02
5.122235157159488184e-01 1.190931691984528223e-01
5.133876600698485948e-01 1.493192470175261910e-01
5.145518044237484823e-01 1.790187595941908905e-01
5.157159487776483697e-01 2.080647416915752390e-01
5.168800931315482572e-01 2.363318730835523018e-01
5.180442374854481447e-01 2.636970203366161836e-01
5.192083818393480321e-01 2.900397770103480544e-01
5.203725261932479196e-01 3.152429999863563537e-01
5.215366705471478070e-01 3.391933396136718182e-01
5.227008149010476945e-01 3.617817612523712700e-01
5.238649592549475820e-01 3.829040558752043188e-01
5.250291036088474694e-01 4.024613375547025917e-01
5.261932479627473569e-01 4.203605255700189058e-01
5.273573923166472444e-01 4.365148088537270099e-01
5.285215366705471318e-01 4.508440905201365756e-01
5.296856810244470193e-01 4.632754103993396710e-01
5.308498253783469067e-01 4.737433433274641503e-01
5.320139697322467942e-01 4.821903706972697767e-01
5.331781140861466817e-01 4.885672229379126597e-01
5.343422584400465691e-01 4.928331910186985465e-01
5.355064027939464566e-01 4.949564056901173403e-01
5.366705471478463441e-01 4.949140830087283005e-01
5.378346915017462315e-01 4.926927343395504644e-01
5.389988358556461190e-01 4.882883386409062609e-01
5.401629802095460064e-01 4.817064751859765903e-01
5.413271245634458939e-01 4.729624159007674300e-01
5.424912689173457814e-01 4.620811768714020440e-01
5.436554132712456688e-01 4.490975281043039780e-01
5.448195576251455563e-01 4.340559600346304281e-01
5.459837019790454438e-01 4.170106056281667750e-01
5.471478463329452202e-01 3.980251178354887731e-01
5.483119906868451077e-01 3.771725026687372528e-01
5.494761350407449951e-01 3.545349079520680458e-01
5.506402793946448826e-01 3.302033677572318027e-01
5.518044237485447701e-01 3.042775028707787599e-01
5.529685681024446575e-01 2.768651777552040283e-01
5.541327124563445450e-01 2.480821144330084271e-01
5.552968568102444324e-01 2.180514640012479466e-01
5.564610011641443199e-01 1.869033370950396178e-01
5.576251455180442074e-01 1.547742947980468020e-01
5.587892898719440948e-01 1.218068018173521921e-01
5.599534342258439823e-01 8.814864422557612544e-02
5.611175785797438698e-01 5.395231360654898639e-02
5.622817229336437572e-01 1.937435945541644486e-02
5.634458672875436447e-01 -1.542528823252560695e-02
5.646100116414435321e-01 -5.028402432202916383e-02
5.657741559953434196e-01 -8.503729860813546981e-02
5.669383003492433071e-01 -1.195193666219941941e-01
5.681024447031431945e-01 -1.535640579031198882e-01
5.692665890570430820e-01 -1.870055590312749427e-01
5.704307334109429695e-01 -2.196792082119966572e-01
5.715948777648428569e-01 -2.514222979597050545e-01
5.727590221187427444e-01 -2.820748824544357380e-01
5.739231664726426319e-01 -3.114805857722465765e-01
5.750873108265425193e-01 -3.394874069450143916e-01
5.762514551804424068e-01 -3.659485178910034664e-01
5.774155995343422942e-01 -3.907230502262745708e-01
5.785797438882421817e-01 -4.136768668901729673e-01
5.797438882421419581e-01 -4.346833145234797469e-01
5.809080325960418456e-01 -4.536239526188515225e-01
5.820721769499417331e-01 -4.703892554387822944e-01
5.832363213038416205e-01 -4.848792826990676041e-01
5.844004656577415080e-01 -4.970043150715406366e-01
5.855646100116413955e-01 -5.066854506297214789e-01
5.867287543655412829e-01 -5.138551584653779924e-01
5.878928987194411704e-01 -5.184577857809732349e-01
5.890570430733410578e-01 -5.204500148788918645e-01
5.902211874272409453e-01 -5.198012666418315719e-01
5.913853317811408328e-01 -5.164940472592108867e-01
5.925494761350407202e-01 -5.105242351746698271e-01
5.937136204889406077e-01 -5.019013054762360149e-01
5.948777648428404952e-01 -4.906484892016646504e-01
5.960419091967403826e-01 -4.768028652968149816e-01
5.972060535506402701e-01 -4.604153832405070146e-01
5.983701979045401576e-01 -4.415508146483433372e-01
5.995343422584400450e-01 -4.202876324795187801e-01
6.006984866123399325e-01 -3.967178167852010162e-01
6.018626309662398199e-01 -3.709465863094514870e-01
6.030267753201397074e-01 -3.430920556272014088e-01
6.041909196740395949e-01 -3.132848178987391874e-01
6.053550640279394823e-01 -2.816674536473121604e-01
6.065192083818393698e-01 -2.483939661881322258e-01
6.076833527357392573e-01 -2.136291450045502138e-01
6.088474970896391447e-01 -1.775478588313048056e-01
6.100116414435390322e-01 -1.403342810654658046e-01
6.111757857974389196e-01 -1.021810506232342930e-01
6.123399301513388071e-01 -6.328837049378201185e-02
6.135040745052385835e-01 -2.386304542600978240e-02
6.146682188591384710e-01 1.588253817162833814e-02
6.158323632130383585e-01 5.573148438827199569e-02
6.169965075669382459e-01 9.546350531434677489e-02
6.181606519208381334e-01 1.348560788702641011e-01
6.193247962747380209e-01 1.736856433856351078e-01
6.204889406286379083e-01 2.117288239056769328e-01
6.216530849825377958e-01 2.487636867087413828e-01
6.228172293364376833e-01 2.845710159256634175e-01
6.239813736903375707e-01 3.189356023084256586e-01
6.251455180442374582e-01 3.516475317333120909e-01
6.263096623981373456e-01 3.825034683991605511e-01
6.274738067520372331e-01 4.113079359971205107e-01
6.286379511059371206e-01 4.378745874320729703e-01
6.298020954598370080e-01 4.620274494238310603e-01
6.309662398137368955e-01 4.836021320757160624e-01
6.321303841676367830e-01 5.024469971470291174e-01
6.332945285215366704e-01 5.184242806720101848e-01
6.344586728754365579e-01 5.314111624830604175e-01
6.356228172293364453e-01 5.413007736022852345e-01
6.367869615832363328e-01 5.480031331782587722e-01
6.379511059371362203e-01 5.514460074230373987e-01
6.391152502910361077e-01 5.515756832591128811e-01
6.402793946449359952e-01 5.483576501770729417e-01
6.414435389988358827e-01 5.417771840209589795e-01
6.426076833527357701e-01 5.318398263170112106e-01
6.437718277066356576e-01 5.185717528884228322e-01
6.449359720605355450e-01 5.020200260738940656e-01
6.461001164144353215e-01 4.822527256215852209e-01
6.472642607683352090e-01 4.593589540186074349e-01
6.484284051222350964e-01 4.334487125873986435e-01
6.495925494761349839e-01 4.046526452240946647e-01
6.507566938300348713e-01 3.731216473555458157e-01
6.519208381839347588e-01 3.390263384392498414e-01
6.530849825378346463e-01 3.025563971259461193e-01
6.542491268917345337e-01 2.639197589653806131e-01
6.554132712456344212e-01 2.233416773924988274e-01
6.565774155995343087e-01 1.810636495521531220e-01
6.577415599534341961e-01 1.373422093155118040e-01
6.589057043073340836e-01 9.244759090200013740e-02
6.600698486612339710e-01 4.666226750796010486e-02
6.612339930151338585e-01 2.793702809110771451e-04
6.623981373690337460e-01 -4.639900604274430074e-02
6.635622817229336334e-01 -9.306360344245133420e-02
6.647264260768335209e-01 -1.393998985803062141e-01
6.658905704307334084e-01 -1.850900893879119935e-01
6.670547147846332958e-01 -2.298151602183277076e-01
6.682188591385331833e-01 -2.732570145429731312e-01
6.693830034924330707e-01 -3.151006632162685617e-01
6.705471478463329582e-01 -3.550364555176171444e-01
6.717112922002328457e-01 -3.927623394746906360e-01
6.728754365541327331e-01 -4.279861372166198219e-01
6.740395809080326206e-01 -4.604278203932382629e-01
6.752037252619325081e-01 -4.898217700006360920e-01
6.763678696158323955e-01 -5.159190045072992170e-01
6.775320139697322830e-01 -5.384893598992573915e-01
6.786961583236321705e-01 -5.573236044507881015e-01
6.798603026775319469e-01 -5.722354705486925042e-01
6.810244470314318344e-01 -5.830635860644292068e-01
6.821885913853317218e-01 -5.896732877833058550e-01
6.833527357392316093e-01 -5.919582994820398181e-01
6.845168800931314967e-01 -5.898422574480689518e-01
6.856810244470313842e-01 -5.832800665468043100e-01
6.868451688009312717e-01 -5.722590703575924920e-01
6.880093131548311591e-01 -5.568000195122525531e-01
6.891734575087310466e-01 -5.369578231477497576e-01
6.903376018626309341e-01 -5.128220692711144002e-01
6.915017462165308215e-01 -4.845173008322063435e-01
6.926658905704307090e-01 -4.522030353852277695e-01
6.938300349243305964e-01 -4.160735176646199185e-01
6.949941792782304839e-01 -3.763571960357107726e-01
6.961583236321303714e-01 -3.333159150698029594e-01
6.973224679860302588e-01 -2.872438179933848312e-01
6.984866123399301463e-01 -2.384659549625895159e-01
6.996507566938300338e-01 -1.873365953482163671e-01
7.008149010477299212e-01 -1.342372442973357172e-01
7.019790454016298087e-01 -7.957436609151896656e-02
7.031431897555296961e-01 -2.377681929315122664e-02
7.043073341094295836e-01 3.270698879876856452e-02
7.054714784633294711e-01 8.941221823541430080e-02
7.066356228172293585e-01 1.458609702614953874e-01
7.077997671711292460e-01 2.015659035972531543e-01
7.089639115250291335e-01 2.560340744874427532e-01
7.101280558789290209e-01 3.087709786689958325e-01
7.112922002328289084e-01 3.592847709319976768e-01
7.124563445867286848e-01 4.070906352326450484e-01
7.136204889406285723e-01 4.517152756130338731e-01
7.147846332945284598e-01 4.927014954341065178e-01
7.159487776484283472e-01 5.296128298178190974e-01
7.171129220023282347e-01 5.620381936756492225e-01
7.182770663562281221e-01 5.895965055201514149e-01
7.194412107101280096e-01 6.119412445936813771e-01
7.206053550640278971e-01 6.287648964298433452e-01
7.217694994179277845e-01 6.398032408236754565e-01
7.229336437718276720e-01 6.448394345647376902e-01
7.240977881257275595e-01 6.437078400259524935e-01
7.252619324796274469e-01 6.362975499609371255e-01
7.264260768335273344e-01 6.225555583753493716e-01
7.275902211874272218e-01 6.024895275376234149e-01
7.287543655413271093e-01 5.761701016387608121e-01
7.299185098952269968e-01 5.437327179647515329e-01
7.310826542491268842e-01 5.053788674118981916e-01
7.322467986030267717e-01 4.613767587540727466e-01
7.334109429569266592e-01 4.120613443562513023e-01
7.345750873108265466e-01 3.578336678719081232e-01
7.357392316647264341e-01 2.991594971259681213e-01
7.369033760186263216e-01 2.365672101427283291e-01
7.380675203725262090e-01 1.706449079374195155e-01
7.392316647264260965e-01 1.020367333642761831e-01
7.403958090803259839e-01 3.143838175157424170e-02
7.415599534342258714e-01 -4.040820369154667774e-02
7.427240977881257589e-01 -1.127209512110526612e-01
7.438882421420256463e-01 -1.846845835733964269e-01
7.450523864959255338e-01 -2.554583225860385109e-01
7.462165308498253102e-01 -3.241843437561506835e-01
7.473806752037251977e-01 -3.899969402488202008e-01
7.485448195576250852e-01 -4.520323446609088025e-01
7.497089639115249726e-01 -5.094391451336609533e-01
7.508731082654248601e-01 -5.613892200982169012e-01
7.520372526193247475e-01 -6.070891028007284751e-01
7.532013969732246350e-01 -6.457916754177012164e-01
7.543655413271245225e-01 -6.768080780637185656e-01
7.555296856810244099e-01 -6.995196970171554396e-01
7.566938300349242974e-01 -7.133900845286612613e-01
7.578579743888241849e-01 -7.179766532109872479e-01
7.590221187427240723e-01 -7.129419751468637489e-01
7.601862630966239598e-01 -6.980645037624854110e-01
7.613504074505238473e-01 -6.732485251619950706e-01
7.625145518044237347e-01 -6.385331356200901753e-01
7.636786961583236222e-01 -5.941000320815846836e-01
7.648428405122235096e-01 -5.402798946890923215e-01
7.660069848661233971e-01 -4.775571316003404676e-01
7.671711292200232846e-01 -4.065727504435344142e-01
7.683352735739231720e-01 -3.281251271514789569e-01
7.694994179278230595e-01 -2.431684484670895707e-01
7.706635622817229470e-01 -1.528086101097644589e-01
7.718277066356228344e-01 -5.829636334725547125e-02
7.729918509895227219e-01 3.898248487345094826e-02
7.741559953434226093e-01 1.375199881851162376e-01
7.753201396973224968e-01 2.357022260541350722e-01
7.764842840512223843e-01 3.318288157431887320e-01
7.776484284051222717e-01 4.241358330577551516e-01
7.788125727590220482e-01 5.108221617949328941e-01
7.799767171129219356e-01 5.900792365201142919e-01
7.811408614668218231e-01 6.601240565575663410e-01
7.823050058207217106e-01 7.192352637289950446e-01
7.834691501746215980e-01 7.657919922216597231e-01
7.846332945285214855e-01 7.983150927620117354e-01
7.857974388824213730e-01 8.155101972594394066e-01
7.869615832363212604e-01 8.163119625931319900e-01
7.881257275902211479e-01 7.999287133950524487e-01
7.892898719441210353e-01 7.658865481503781547e-01
7.904540162980209228e-01 7.140717984022378895e-01
7.916181606519208103e-01 6.447705416295868019e-01
7.927823050058206977e-01 5.587036691411666478e-01
7.939464493597205852e-01 4.570558266116050983e-01
7.951105937136204727e-01 3.414963965340333529e-01
7.962747380675203601e-01 2.141905069309803511e-01
7.974388824214202476e-01 7.779786353968660972e-02
7.986030267753201350e-01 -6.454291937069775442e-02
7.997671711292200225e-01 -2.092468741608098370e-01
8.009313154831199100e-01 -3.523344660515668192e-01
8.020954598370197974e-01 -4.895047035545581071e-01
8.032596041909196849e-01 -6.162314236115756794e-01
8.044237485448195724e-01 -7.278843081228280054e-01
8.055878928987194598e-01 -8.198755090047136207e-01
8.067520372526193473e-01 -8.878317329161110605e-01
8.079161816065192347e-01 -9.277902557909279979e-01
8.090803259604191222e-01 -9.364155013402434280e-01
8.102444703143190097e-01 -9.112306480025924582e-01
8.114086146682187861e-01 -8.508561218273266169e-01
8.125727590221186736e-01 -7.552435993936549297e-01
8.137369033760185610e-01 -6.258907008095474511e-01
8.149010477299184485e-01 -4.660178633582787167e-01
8.160651920838183360e-01 -2.806852025217867475e-01
8.172293364377182234e-01 -7.682461542140027466e-02
8.183934807916181109e-01 1.368396131348371958e-01
8.195576251455179984e-01 3.500086055397389484e-01
8.207217694994178858e-01 5.511874014000371913e-01
8.218859138533177733e-01 7.282384861553854449e-01
8.230500582072176607e-01 8.691116504486364747e-01
8.242142025611175482e-01 9.627314996469515940e-01
8.253783469150174357e-01 1.000000000000000000e+00
8.265424912689173231e-01 9.748426081479096839e-01
8.277066356228172106e-01 8.851954651658920925e-01
8.288707799767170981e-01 7.338065034439050782e-01
8.300349243306169855e-01 5.287095285872530637e-01
8.311990686845168730e-01 2.832331606882037001e-01
8.323632130384167604e-01 1.543384348933904589e-02
8.335273573923166479e-01 -2.531026190502278506e-01
8.346915017462165354e-01 -4.990645710175237171e-01
8.358556461001164228e-01 -6.997016056855591692e-01
8.370197904540163103e-01 -8.353725900414452621e-01
8.381839348079161978e-01 -8.920389506946818647e-01
8.393480791618160852e-01 -8.633409295389995464e-01
8.405122235157159727e-01 -7.519032740091660116e-01
8.416763678696158602e-01 -5.695828857331146633e-01
8.428405122235157476e-01 -3.365025546789168764e-01
8.440046565774156351e-01 -7.889516313213799925e-02
8.451688009313154115e-01 1.740188069853801367e-01
8.463329452852152990e-01 3.937156177182636330e-01
8.474970896391151864e-01 5.560826315884662696e-01
8.486612339930150739e-01 6.445919524998096062e-01
8.498253783469149614e-01 6.524279888475348343e-01
8.509895227008148488e-01 5.832193281500731574e-01
8.521536670547147363e-01 4.502524174294759152e-01
8.533178114086146238e-01 2.743031597099148122e-01
8.544819557625145112e-01 8.045327607023615435e-02
8.556461001164143987e-01 -1.055802630543600101e-01
8.568102444703142861e-01 -2.610113762046002983e-01
8.579743888242141736e-01 -3.688979817431685682e-01
8.591385331781140611e-01 -4.199943747140040262e-01
8.603026775320139485e-01 -4.133430959369920332e-01
8.614668218859138360e-01 -3.556314979172066626e-01
8.626309662398137235e-01 -2.595271581587783594e-01
8.637951105937136109e-01 -1.413451388994351743e-01
8.649592549476134984e-01 -1.846989777252442191e-02
8.661233993015133859e-01 9.306227974703029648e-02
8.672875436554132733e-01 1.804970925491161116e-01
8.684516880093131608e-01 2.356088433414183503e-01
8.696158323632130482e-01 2.551892608470312518e-01
8.707799767171129357e-01 2.408264686639125240e-01
8.719441210710128232e-01 1.981132898859934433e-01
8.731082654249127106e-01 1.354697314681176379e-01
8.742724097788125981e-01 6.278521237040982084e-02
8.754365541327124856e-01 -9.938313242294730121e-03
8.766006984866123730e-01 -7.376510491135182535e-02
8.777648428405121495e-01 -1.217272533367553533e-01
8.789289871944120369e-01 -1.494827403469705662e-01
8.800931315483119244e-01 -1.555978891343322013e-01
8.812572759022118118e-01 -1.414440373747354596e-01
8.824214202561116993e-01 -1.107825257860550472e-01
8.835855646100115868e-01 -6.909545584616996750e-02
8.847497089639114742e-01 -2.276576884405081755e-02
8.859138533178113617e-01 2.179916908820934279e-02
8.870779976717112492e-01 5.898934225736304077e-02
8.882421420256111366e-01 8.465890468591456830e-02
8.894062863795110241e-01 9.655771483797108423e-02
8.905704307334109116e-01 9.447985589946752971e-02
8.917345750873107990e-01 8.012149375091488779e-02
8.928987194412106865e-01 5.668356595769754452e-02
8.940628637951105739e-01 2.829195778774817177e-02
8.952270081490104614e-01 -6.675045396238460122e-04
8.963911525029103489e-01 -2.619374908431016183e-02
8.975552968568102363e-01 -4.519895840428990452e-02
8.987194412107101238e-01 -5.585086814030276736e-02
8.998835855646100113e-01 -5.769457129974651932e-02
9.010477299185098987e-01 -5.155807663843533367e-02
9.022118742724097862e-01 -3.928003991443486387e-02
9.033760186263096736e-01 -2.332169176494837057e-02
9.045401629802095611e-01 -6.335934902656278379e-03
9.057043073341094486e-01 9.235414876067042644e-03
9.068684516880093360e-01 2.147895153474726343e-02
9.080325960419092235e-01 2.920536862370837206e-02
9.091967403958091110e-01 3.201166833506564890e-02
9.103608847497089984e-01 3.022129021256304490e-02
9.115250291036087749e-01 2.473041028361210730e-02
9.126891734575086623e-01 1.679778819493444111e-02
9.138533178114085498e-01 7.817941408738680181e-03
9.150174621653084372e-01 -8.869920476132063135e-04
9.161816065192083247e-01 -8.230874993837308459e-03
9.173457508731082122e-01 -1.346820681942522725e-02
9.185098952270080996e-01 -1.623650534937904830e-02
9.196740395809079871e-01 -1.654194692714529985e-02
9.208381839348078746e-01 -1.470053955408391101e-02
9.220023282887077620e-01 -1.125120325298406727e-02
9.231664726426076495e-01 -6.856452943143753059e-03
9.243306169965075370e-01 -2.203422401377891880e-03
9.254947613504074244e-01 2.083918150233184975e-03
9.266589057043073119e-01 5.512526768729813544e-03
9.278230500582071993e-01 7.763214309359407067e-03
9.289871944121070868e-01 8.707702313237876066e-03
9.301513387660069743e-01 8.400916364620860874e-03
9.313154831199068617e-01 7.051596804392156435e-03
9.324796274738067492e-01 4.976755275043363326e-03
9.336437718277066367e-01 2.547173053878882057e-03
9.348079161816065241e-01 1.319434694402298871e-04
9.359720605355064116e-01 -1.950439663413851624e-03
9.371362048894062990e-01 -3.468623546134651497e-03
9.383003492433061865e-01 -4.298933520924306736e-03
9.394644935972060740e-01 -4.428705168284167645e-03
9.406286379511059614e-01 -3.943668410799459553e-03
9.417927823050058489e-01 -3.002777438003654924e-03
9.429569266589057364e-01 -1.805450680212718727e-03
9.441210710128055128e-01 -5.569954382811656080e-04
9.452852153667054003e-01 5.621349929137956121e-04
9.464493597206052877e-01 1.418775573431098986e-03
9.476135040745051752e-01 1.938777940432229088e-03
9.487776484284050627e-01 2.108004699613914672e-03
9.499417927823049501e-01 1.964272244900066352e-03
9.511059371362048376e-01 1.582966453039775286e-03
9.522700814901047250e-01 1.059580461550241673e-03
9.534342258440046125e-01 4.923114275929563188e-04
9.545983701979045000e-01 -3.272199307320368096e-05
9.557625145518043874e-01 -4.517847965483571095e-04
9.569266589057042749e-01 -7.284145665344260705e-04
9.580908032596041624e-01 -8.531818097746160165e-04
9.592549476135040498e-01 -8.395050876313973030e-04
9.604190919674039373e-01 -7.170678123190551718e-04
9.615832363213038247e-01 -5.243588300656292379e-04
9.627473806752037122e-01 -3.015800055239958345e-04
9.639115250291035997e-01 -8.476991353861110571e-05
9.650756693830034871e-01 9.830446107938463297e-05
9.662398137369033746e-01 2.302388236919351210e-04
9.674039580908032621e-01 3.041984261878171781e-04
9.685681024447031495e-01 3.226356703479612122e-04
9.697322467986030370e-01 2.950039332024348773e-04
9.708963911525029244e-01 2.349977956034993956e-04
9.720605355064028119e-01 1.578077677795668274e-04
9.732246798603026994e-01 7.774385301350563294e-05
9.743888242142025868e-01 6.435582263982639094e-06
9.755529685681024743e-01 -4.827083051678502052e-05
9.767171129220023618e-01 -8.264971693025429983e-05
9.778812572759021382e-01 -9.674095105955836296e-05
9.790454016298020257e-01 -9.351370243227464282e-05
9.802095459837019131e-01 -7.778582116451190518e-05
9.813736903376018006e-01 -5.510541115952832119e-05
9.825378346915016881e-01 -3.075524591567589048e-05
9.837019790454015755e-01 -8.979645975414116929e-06
9.848661233993014630e-01 7.491588336112368684e-06
9.860302677532013504e-01 1.756003953164872808e-05
9.871944121071012379e-01 2.153599914926799055e-05
9.883585564610011254e-01 2.070107495504240394e-05
9.895227008149010128e-01 1.680707803316393542e-05
9.906868451688009003e-01 1.162270150714623280e-05
9.918509895227007878e-01 6.594183421510332486e-06
9.930151338766006752e-01 2.650135716937673318e-06
9.941792782305005627e-01 1.637733897291375565e-07
9.953434225844004501e-01 -9.592301076879333839e-07
9.965075669383003376e-01 -1.103791807103559680e-06
9.976717112922002251e-01 -7.551037208418901071e-07
9.988358556461001125e-01 -3.248234249414441916e-07
1.000000000000000000e+00 -5.802643243139050348e-08
