0.000000000000000000e+00 -0.000000000000000000e+00
1.216545012165450154e-03 -4.848347150281641463e-05
2.433090024330900308e-03 -1.828972769422957095e-04
3.649635036496350245e-03 -3.850074715406728095e-04
4.866180048661800615e-03 -6.348096227338006830e-04
6.082725060827250986e-03 -9.110932629751171321e-04
7.299270072992700489e-03 -1.191980888442304787e-03
8.515815085158150860e-03 -1.455227851078578398e-03
9.732360097323601231e-03 -1.677948264026490844e-03
1.094890510948905160e-02 -1.836014974623283516e-03
1.216545012165450197e-02 -1.902241403641871274e-03
1.338199513381995234e-02 -1.853426689075276471e-03
1.459854014598540098e-02 -1.661172741269849361e-03
1.581508515815085308e-02 -1.302056972648428599e-03
1.703163017031630172e-02 -7.554976715915481551e-04
1.824817518248175383e-02 -3.957973845112523181e-06
1.946472019464720246e-02 9.676229552623373444e-04
2.068126520681265110e-02 2.173561628630088591e-03
2.189781021897810320e-02 3.630518781984178045e-03
2.311435523114355184e-02 5.359616150095940224e-03
2.433090024330900394e-02 7.385536909852372968e-03
2.554744525547445258e-02 9.730604394715394387e-03
2.676399026763990469e-02 1.240370978679910044e-02
2.798053527980535332e-02 1.539668210475500162e-02
2.919708029197080196e-02 1.868857392996728026e-02
3.041362530413625406e-02 2.224933207825687334e-02
3.163017031630170617e-02 2.604714645178637586e-02
3.284671532846715480e-02 3.005787732504693749e-02
3.406326034063260344e-02 3.426821418567618793e-02
3.527980535279805208e-02 3.866635560279976097e-02
3.649635036496350765e-02 4.322991364214671256e-02
3.771289537712895629e-02 4.792900933443597355e-02
3.892944038929440492e-02 5.271872614665145534e-02
4.014598540145985356e-02 5.756030485194073287e-02
4.136253041362530219e-02 6.243104790028156797e-02
4.257907542579075777e-02 6.731225746357887008e-02
4.379562043795620641e-02 7.217641991535399260e-02
4.501216545012165504e-02 7.696595249887867862e-02
4.622871046228710368e-02 8.158096966063817235e-02
4.744525547445255925e-02 8.591411668485138264e-02
4.866180048661800789e-02 8.987507982829122388e-02
4.987834549878345652e-02 9.339370195566373822e-02
5.109489051094890516e-02 9.640644559530042734e-02
5.231143552311435380e-02 9.884360571808920026e-02
5.352798053527980937e-02 1.006348717838321388e-01
5.474452554744525801e-02 1.017068915238991678e-01
5.596107055961070664e-02 1.020211681568765072e-01
5.717761557177615528e-02 1.015423503189099852e-01
5.839416058394160391e-02 1.002135453613908211e-01
5.961070559610705949e-02 9.794472971679804574e-02
6.082725060827250813e-02 9.463261254083993324e-02
6.204379562043795676e-02 9.019264884526637105e-02
6.326034063260341234e-02 8.457249857241645741e-02
6.447688564476886097e-02 7.774583086853616154e-02
6.569343065693430961e-02 6.970435171821001696e-02
6.690997566909975824e-02 6.044530376396609755e-02
6.812652068126520688e-02 4.997437725896034660e-02
6.934306569343065552e-02 3.828796323367712057e-02
7.055961070559610415e-02 2.537649784983195961e-02
7.177615571776155279e-02 1.123279956370105970e-02
7.299270072992701530e-02 -4.141705627498503545e-03
7.420924574209246394e-02 -2.073286791598932463e-02
7.542579075425791257e-02 -3.850114936826445899e-02
7.664233576642336121e-02 -5.736797154840143215e-02
7.785888077858880985e-02 -7.721809545272297071e-02
7.907542579075425848e-02 -9.789163128372259381e-02
8.029197080291970712e-02 -1.191873403340607401e-01
8.150851581508515575e-02 -1.408673081751564138e-01
8.272506082725060439e-02 -1.626635120978995874e-01
8.394160583941606690e-02 -1.842854015466209860e-01
8.515815085158151554e-02 -2.054539709595995800e-01
8.637469586374696418e-02 -2.259189773724563643e-01
8.759124087591241281e-02 -2.454449287033581839e-01
8.880778588807786145e-02 -2.637809570432475548e-01
9.002433090024331008e-02 -2.806225250640426161e-01
9.124087591240875872e-02 -2.955980190338409752e-01
9.245742092457420735e-02 -3.082540917472337272e-01
9.367396593673965599e-02 -3.181264757442432423e-01
9.489051094890511850e-02 -3.248682001644433437e-01
9.610705596107056714e-02 -3.282371422649569270e-01
9.732360097323601578e-02 -3.280155903058750710e-01
9.854014598540146441e-02 -3.239419544281401109e-01
9.975669099756691305e-02 -3.157262435127470290e-01
1.009732360097323617e-01 -3.031277680790546714e-01
1.021897810218978103e-01 -2.860225687101709546e-01
1.034063260340632590e-01 -2.644070050572194797e-01
1.046228710462287076e-01 -2.383381364496617583e-01
1.058394160583941701e-01 -2.078858519636055946e-01
1.070559610705596187e-01 -1.731204686946398730e-01
1.082725060827250674e-01 -1.341949399813949784e-01
1.094890510948905160e-01 -9.144639660853394469e-02
1.107055961070559646e-01 -4.542883620259884764e-02
1.119221411192214133e-01 3.140813115140451538e-03
1.131386861313868619e-01 5.346585759713298053e-02
1.143552311435523106e-01 1.047247667947429350e-01
1.155717761557177592e-01 1.560960249518218990e-01
1.167883211678832078e-01 2.067279478902902812e-01
1.180048661800486703e-01 2.557257199495580613e-01
1.192214111922141190e-01 3.021521379818434827e-01
1.204379562043795676e-01 3.450323547166067040e-01
1.216545012165450163e-01 3.833656945305329855e-01
1.228710462287104649e-01 4.161403940774686672e-01
1.240875912408759135e-01 4.423594079558426651e-01
1.253041362530413760e-01 4.611852496624364584e-01
1.265206812652068247e-01 4.721237794867174098e-01
1.277372262773722733e-01 4.748433386799871814e-01
1.289537712895377219e-01 4.691778407868169021e-01
1.301703163017031706e-01 4.551657800976841584e-01
1.313868613138686192e-01 4.330144799900727537e-01
1.326034063260340679e-01 4.030888119435390160e-01
1.338199513381995165e-01 3.659053579025057235e-01
1.350364963503649651e-01 3.221347999050803157e-01
1.362530413625304138e-01 2.725793753698786959e-01
1.374695863746958624e-01 2.181438560036489394e-01
1.386861313868613110e-01 1.598233572253948687e-01
1.399026763990267597e-01 9.870634820818276201e-02
1.411192214111922083e-01 3.595852125069073230e-02
1.423357664233576569e-01 -2.720613897522209182e-02
1.435523114355231056e-01 -8.955035216830309341e-02
1.447688564476885820e-01 -1.498237349459950463e-01
1.459854014598540306e-01 -2.068052049710218665e-01
1.472019464720194792e-01 -2.593753562271297608e-01
1.484184914841849279e-01 -3.065813734589829531e-01
1.496350364963503765e-01 -3.476864883971980680e-01
1.508515815085158251e-01 -3.821854809647044493e-01
1.520681265206812738e-01 -4.097888508930897511e-01
1.532846715328467224e-01 -4.303436325459863987e-01
1.545012165450121711e-01 -4.437906754664640574e-01
1.557177615571776197e-01 -4.501562737628860278e-01
1.569343065693430683e-01 -4.495599222069475154e-01
1.581508515815085170e-01 -4.422233765915328796e-01
1.593673965936739656e-01 -4.284686459368027278e-01
1.605839416058394142e-01 -4.087206744077400145e-01
1.618004866180048629e-01 -3.835384094651745346e-01
1.630170316301703115e-01 -3.536226758726435104e-01
1.642335766423357601e-01 -3.197291685716142640e-01
1.654501216545012088e-01 -2.826455834575796189e-01
1.666666666666666574e-01 -2.431534512104628343e-01
1.678832116788321338e-01 -2.019629720950588125e-01
1.690997566909975824e-01 -1.596746687777588491e-01
1.703163017031630311e-01 -1.167855022808541310e-01
1.715328467153284797e-01 -7.376723135004165099e-02
1.727493917274939284e-01 -3.111111720592808078e-02
1.739659367396593770e-01 1.073204597044577664e-02
1.751824817518248256e-01 5.135257167414641194e-02
1.763990267639902743e-01 9.036848906862036956e-02
1.776155717761557229e-01 1.274086056236925502e-01
1.788321167883211715e-01 1.620925452035733849e-01
1.800486618004866202e-01 1.940257246757914333e-01
1.812652068126520688e-01 2.228772215822574787e-01
1.824817518248175174e-01 2.484408481745089825e-01
1.836982968369829661e-01 2.706850034832996577e-01
1.849148418491484147e-01 2.897278044175523593e-01
1.861313868613138633e-01 3.057444997140625897e-01
1.873479318734793120e-01 3.188240588557896271e-01
1.885644768856447606e-01 3.289740098579445049e-01
1.897810218978102370e-01 3.361233052596922510e-01
1.909975669099756856e-01 3.402255122187481939e-01
1.922141119221411343e-01 3.413077936720372851e-01
1.934306569343065829e-01 3.394246494916386969e-01
1.946472019464720316e-01 3.347718407466001578e-01
1.958637469586374802e-01 3.275633079411664483e-01
1.970802919708029288e-01 3.180492300099935221e-01
1.982968369829683775e-01 3.065182640807165293e-01
1.995133819951338261e-01 2.932329649207743305e-01
2.007299270072992747e-01 2.783425150964469741e-01
2.019464720194647234e-01 2.618950502623128562e-01
2.031630170316301720e-01 2.439374043699342465e-01
2.043795620437956206e-01 2.245841584314771655e-01
2.055961070559610693e-01 2.040209890256804159e-01
2.068126520681265179e-01 1.824767964595641057e-01
2.080291970802919665e-01 1.601880742103897748e-01
2.092457420924574152e-01 1.373632635839789340e-01
2.104622871046228638e-01 1.141618986475078229e-01
2.116788321167883402e-01 9.071138656694567592e-02
2.128953771289537888e-01 6.714404626492591344e-02
2.141119221411192375e-01 4.361576253181657925e-02
2.153284671532846861e-01 2.025454933253994366e-02
2.165450121654501348e-01 -2.846691208838558577e-03
2.177615571776155834e-01 -2.558649137530041168e-02
2.189781021897810320e-01 -4.790038535950741361e-02
2.201946472019464807e-01 -6.977302140907107320e-02
2.214111922141119293e-01 -9.118774088419506763e-02
2.226277372262773779e-01 -1.120695461332981424e-01
2.238442822384428266e-01 -1.323005235313081673e-01
2.250608272506082752e-01 -1.517029185565378080e-01
2.262773722627737238e-01 -1.700731873921285109e-01
2.274939172749391725e-01 -1.872356137736078674e-01
2.287104622871046211e-01 -2.030773732704576617e-01
2.299270072992700698e-01 -2.175325251294977225e-01
2.311435523114355184e-01 -2.305666762847178031e-01
2.323600973236009670e-01 -2.421381259197595281e-01
2.335766423357664157e-01 -2.522456982868157560e-01
2.347931873479318921e-01 -2.609451215150893066e-01
2.360097323600973407e-01 -2.683012614064334000e-01
2.372262773722627893e-01 -2.743405653420314394e-01
2.384428223844282380e-01 -2.790241091231223658e-01
2.396593673965936866e-01 -2.822605818354793072e-01
2.408759124087591352e-01 -2.839660038178241641e-01
2.420924574209245839e-01 -2.841049200299697319e-01
2.433090024330900325e-01 -2.826891930693118948e-01
2.445255474452554811e-01 -2.797112776401488587e-01
2.457420924574209298e-01 -2.751781213995808106e-01
2.469586374695863784e-01 -2.691373452750301376e-01
2.481751824817518270e-01 -2.616425304879458347e-01
2.493917274939172757e-01 -2.527394375041739361e-01
2.506082725060827521e-01 -2.424458187954679489e-01
2.518248175182482007e-01 -2.307539535619747006e-01
2.530413625304136493e-01 -2.176610078536619086e-01
2.542579075425790980e-01 -2.031956283450645495e-01
2.554744525547445466e-01 -1.874425281044489466e-01
2.566909975669099953e-01 -1.705229940415834144e-01
2.579075425790754439e-01 -1.525585983838458060e-01
2.591240875912408925e-01 -1.336443652599944576e-01
2.603406326034063412e-01 -1.138277278274495430e-01
2.615571776155717898e-01 -9.315277112314368502e-02
2.627737226277372384e-01 -7.165606741679626801e-02
2.639902676399026871e-01 -4.939899710496617469e-02
2.652068126520681357e-01 -2.648558493935205399e-02
2.664233576642335843e-01 -3.071495253429986673e-03
2.676399026763990330e-01 2.064986871053110101e-02
2.688564476885644816e-01 4.448488990195628018e-02
2.700729927007299302e-01 6.828504350881603457e-02
2.712895377128953789e-01 9.197088617589212201e-02
2.725060827250608275e-01 1.154971208975115043e-01
2.737226277372262762e-01 1.388258871600548672e-01
2.749391727493917248e-01 1.618370520508366495e-01
2.761557177615571734e-01 1.842946882702518607e-01
2.773722627737226221e-01 2.059229578511245495e-01
2.785888077858880707e-01 2.264915748483078417e-01
2.798053527980535193e-01 2.458576669926705593e-01
2.810218978102189680e-01 2.639070894733782646e-01
2.822384428223844166e-01 2.804965828545275541e-01
2.834549878345498652e-01 2.954487336773123363e-01
2.846715328467153139e-01 3.085482731867589812e-01
2.858880778588807625e-01 3.195843299578746688e-01
2.871046228710462112e-01 3.283684401851558743e-01
2.883211678832116598e-01 3.347321460782438085e-01
2.895377128953771639e-01 3.385076230787593676e-01
2.907542579075426126e-01 3.395333766674751841e-01
2.919708029197080612e-01 3.376809671376826971e-01
2.931873479318735098e-01 3.328557171834994333e-01
2.944038929440389585e-01 3.249921029806909778e-01
2.956204379562044071e-01 3.140439830408178756e-01
2.968369829683698558e-01 2.999453601393869961e-01
2.980535279805353044e-01 2.826264926484348128e-01
2.992700729927007530e-01 2.620577952354754547e-01
3.004866180048662017e-01 2.382606136077701497e-01
3.017031630170316503e-01 2.113147721099816745e-01
3.029197080291970989e-01 1.813400520745262756e-01
3.041362530413625476e-01 1.484738692132304971e-01
3.053527980535279962e-01 1.128844034238982302e-01
3.065693430656934448e-01 7.481358988760170026e-02
3.077858880778588935e-01 3.461066977586017834e-02
3.090024330900243421e-01 -7.270057108415267991e-03
3.102189781021897907e-01 -5.031966087279322181e-02
3.114355231143552394e-01 -9.402747739317866837e-02
3.126520681265206880e-01 -1.378981447119256298e-01
3.138686131386861367e-01 -1.814364117625537620e-01
3.150851581508515853e-01 -2.240988200987743539e-01
3.163017031630170339e-01 -2.652430977063744422e-01
3.175182481751824826e-01 -3.041492652298617427e-01
3.187347931873479312e-01 -3.400582565449710715e-01
3.199513381995133798e-01 -3.722089619374031599e-01
3.211678832116788285e-01 -3.998584049574782084e-01
3.223844282238442771e-01 -4.222882063985939349e-01
3.236009732360097257e-01 -4.388208775615057289e-01
3.248175182481751744e-01 -4.488458214414835501e-01
3.260340632603406230e-01 -4.518481397142690148e-01
3.272506082725060716e-01 -4.474249458838764348e-01
3.284671532846715203e-01 -4.352835635383207058e-01
3.296836982968369689e-01 -4.152464094780894954e-01
3.309002433090024176e-01 -3.873376731617031443e-01
3.321167883211678662e-01 -3.517451013443771979e-01
3.333333333333333148e-01 -3.087988191641342639e-01
3.345498783454988190e-01 -2.590528774246751431e-01
3.357664233576642676e-01 -2.032724184525301625e-01
3.369829683698297162e-01 -1.424174045874987415e-01
3.381995133819951649e-01 -7.761436445909063175e-02
3.394160583941606135e-01 -1.012895240257891821e-02
3.406326034063260622e-01 5.867063951651918519e-02
3.418491484184915108e-01 1.273325740294489750e-01
3.430656934306569594e-01 1.943331149808021352e-01
3.442822384428224081e-01 2.581333411315776538e-01
3.454987834549878567e-01 3.172611091235076897e-01
3.467153284671533053e-01 3.703057920605200559e-01
3.479318734793187540e-01 4.159530437649447410e-01
3.491484184914842026e-01 4.530660902956185621e-01
3.503649635036496512e-01 4.807327313874564800e-01
3.515815085158150999e-01 4.982755489704250307e-01
3.527980535279805485e-01 5.052708772633612844e-01
3.540145985401459972e-01 5.015642247325819980e-01
3.552311435523114458e-01 4.872849512933796756e-01
3.564476885644768944e-01 4.628509498256237475e-01
3.576642335766423431e-01 4.289472175322709968e-01
3.588807785888077917e-01 3.864894139678407559e-01
3.600973236009732403e-01 3.365757142425779280e-01
3.613138686131386890e-01 2.804458113269683861e-01
3.625304136253041376e-01 2.194282644813303484e-01
3.637469586374695862e-01 1.549180223648459753e-01
3.649635036496350349e-01 8.834840710580948997e-02
3.661800486618004835e-01 2.119022933399930531e-02
3.673965936739659321e-01 -4.507404500253443802e-02
3.686131386861313808e-01 -1.090603348487253488e-01
3.698296836982968294e-01 -1.695813153633041470e-01
3.710462287104622781e-01 -2.256666931580730284e-01
3.722627737226277267e-01 -2.764980472040067250e-01
3.734793187347931753e-01 -3.212919124474669652e-01
3.746958637469586240e-01 -3.593716954313706524e-01
3.759124087591240726e-01 -3.903803399157607101e-01
3.771289537712895212e-01 -4.141082124825640753e-01
3.783454987834550254e-01 -4.304697017208180543e-01
3.795620437956204740e-01 -4.395036765913332144e-01
3.807785888077859227e-01 -4.414002957369183022e-01
3.819951338199513713e-01 -4.364618123254832005e-01
3.832116788321168199e-01 -4.250876569842829134e-01
3.844282238442822686e-01 -4.077790276208878018e-01
3.856447688564477172e-01 -3.851236783746650461e-01
3.868613138686131658e-01 -3.577596711883453962e-01
3.880778588807786145e-01 -3.263417090711824842e-01
3.892944038929440631e-01 -2.915211001214767506e-01
3.905109489051095117e-01 -2.539479173291833147e-01
3.917274939172749604e-01 -2.142521848105077564e-01
3.929440389294404090e-01 -1.729898617433537900e-01
3.941605839416058576e-01 -1.306428454415443086e-01
3.953771289537713063e-01 -8.769932098679142363e-02
3.965936739659367549e-01 -4.472513396726257584e-02
3.978102189781022036e-01 -2.340438674398267506e-03
3.990267639902676522e-01 3.883557626137854046e-02
4.002433090024331008e-01 7.831870162347386033e-02
4.014598540145985495e-01 1.157607809671440946e-01
4.026763990267639981e-01 1.509034582423385840e-01
4.038929440389294467e-01 1.835677467779222305e-01
4.051094890510948954e-01 2.135677310448403643e-01
4.063260340632603440e-01 2.407363416995663419e-01
4.075425790754257926e-01 2.649332058673960488e-01
4.087591240875912413e-01 2.860165430979497714e-01
4.099756690997566899e-01 3.038568393547232960e-01
4.111922141119221386e-01 3.184104037527988873e-01
4.124087591240875872e-01 3.297115612312724875e-01
4.136253041362530358e-01 3.378930051217794439e-01
4.148418491484184845e-01 3.429299168516231622e-01
4.160583941605839331e-01 3.448114795948898914e-01
4.172749391727493817e-01 3.436034113300120985e-01
4.184914841849148304e-01 3.394542886998191955e-01
4.197080291970802790e-01 3.325186709266259588e-01
4.209245742092457276e-01 3.228998089608819955e-01
4.221411192214111763e-01 3.106824959931796526e-01
4.233576642335766804e-01 2.959685743816244385e-01
4.245742092457421291e-01 2.788968871585191800e-01
4.257907542579075777e-01 2.596597523341964697e-01
4.270072992700730263e-01 2.384811151102846916e-01
4.282238442822384750e-01 2.156127307927535874e-01
4.294403892944039236e-01 1.912813402733643531e-01
4.306569343065693722e-01 1.656739293205487240e-01
4.318734793187348209e-01 1.390057347827279854e-01
4.330900243309002695e-01 1.115048218229815619e-01
4.343065693430657181e-01 8.337948769120451242e-02
4.355231143552311668e-01 5.481833283763771353e-02
4.367396593673966154e-01 2.601506368186413953e-02
4.379562043795620641e-01 -2.814845670522373583e-03
4.391727493917275127e-01 -3.144066135489614194e-02
4.403892944038929613e-01 -5.964015253787085385e-02
4.416058394160584100e-01 -8.721912916380321346e-02
4.428223844282238586e-01 -1.140185416153706582e-01
4.440389294403893072e-01 -1.399227856246798296e-01
4.452554744525547559e-01 -1.648446516654868133e-01
4.464720194647202045e-01 -1.885733443121700714e-01
4.476885644768856531e-01 -2.109489277340708957e-01
4.489051094890511018e-01 -2.317869857420747914e-01
4.501216545012165504e-01 -2.509141356944818435e-01
4.513381995133819991e-01 -2.681442761781823725e-01
4.525547445255474477e-01 -2.833292411814452016e-01
4.537712895377128963e-01 -2.964241412029706146e-01
4.549878345498783450e-01 -3.073959789571544254e-01
4.562043795620437936e-01 -3.161679083793164646e-01
4.574209245742092422e-01 -3.226227106086839713e-01
4.586374695863746909e-01 -3.266319696491052360e-01
4.598540145985401395e-01 -3.280632691776284582e-01
4.610705596107055881e-01 -3.268091844838335591e-01
4.622871046228710368e-01 -3.227991685941126176e-01
4.635036496350364854e-01 -3.159948150564407254e-01
4.647201946472019340e-01 -3.064100335198605696e-01
4.659367396593673827e-01 -2.940991744124099583e-01
4.671532846715328313e-01 -2.791505522367022096e-01
4.683698296836983355e-01 -2.616807897921402670e-01
4.695863746958637841e-01 -2.418204341899628240e-01
4.708029197080292327e-01 -2.196900296277823628e-01
4.720194647201946814e-01 -1.953698786628413897e-01
4.732360097323601300e-01 -1.689462165551147421e-01
4.744525547445255786e-01 -1.405061600710245662e-01
4.756690997566910273e-01 -1.101684960146974285e-01
4.768856447688564759e-01 -7.811896264014890623e-02
4.781021897810219246e-01 -4.461006488789136942e-02
4.793187347931873732e-01 -9.947258710931126957e-03
4.805352798053528218e-01 2.554751654135924144e-02
4.817518248175182705e-01 6.156278027933561464e-02
4.829683698296837191e-01 9.778355128963325815e-02
4.841849148418491677e-01 1.338803385665518209e-01
4.854014598540146164e-01 1.694746691117935689e-01
4.866180048661800650e-01 2.041391635422264428e-01
4.878345498783455136e-01 2.373922226728014395e-01
4.890510948905109623e-01 2.687487544684727392e-01
4.902676399026764109e-01 2.977672526232398864e-01
4.914841849148418595e-01 3.240771475509302557e-01
4.927007299270073082e-01 3.473701549349078599e-01
4.939172749391727568e-01 3.673046096781816261e-01
4.951338199513382055e-01 3.834609898018211949e-01
4.963503649635036541e-01 3.953347250275449087e-01
4.975669099756691027e-01 4.023922273106554370e-01
4.987834549878345514e-01 4.041603316126073930e-01
5.000000000000000000e-01 4.003007627996678641e-01
5.012165450121655041e-01 3.906322224624821926e-01
5.024330900243308973e-01 3.750985566784686975e-01
5.036496350364964014e-01 3.537055270041990496e-01
5.048661800486617945e-01 3.264712087173057831e-01
5.060827250608272987e-01 2.934246276932201414e-01
5.072992700729926918e-01 2.546661062491005767e-01
5.085158150851581960e-01 2.104419841894606402e-01
5.097323600973235891e-01 1.612044661468305107e-01
5.109489051094890932e-01 1.076341514217302037e-01
5.121654501216544864e-01 5.058777049524616071e-02
5.133819951338199905e-01 -9.000883040838804014e-03
5.145985401459853836e-01 -7.019069159846806627e-02
5.158150851581508878e-01 -1.319835845789928130e-01
5.170316301703162809e-01 -1.932709291317808720e-01
5.182481751824817851e-01 -2.528387396595813685e-01
5.194647201946471782e-01 -3.093900531838907897e-01
5.206812652068126823e-01 -3.614948133381181150e-01
5.218978102189780754e-01 -4.075869169926710778e-01
5.231143552311435796e-01 -4.461303529581051031e-01
5.243309002433089727e-01 -4.758707136242655844e-01
5.255474452554744769e-01 -4.958984292757345202e-01
5.267639902676398700e-01 -5.054583581147074067e-01
5.279805352798053741e-01 -5.038369079255965444e-01
5.291970802919707673e-01 -4.904798768747026250e-01
5.304136253041362714e-01 -4.651643591551796741e-01
5.316301703163016645e-01 -4.282730770409462484e-01
5.328467153284671687e-01 -3.804577591331966824e-01
5.340632603406326728e-01 -3.223532408000567839e-01
5.352798053527980660e-01 -2.549787190290076500e-01
5.364963503649635701e-01 -1.803312046883743525e-01
5.377128953771289632e-01 -1.001444252099861626e-01
5.389294403892944674e-01 -1.599770403317127970e-02
5.401459854014598605e-01 6.883890441178118491e-02
5.413625304136253646e-01 1.529211771520892493e-01
5.425790754257907578e-01 2.334602602767365809e-01
5.437956204379562619e-01 3.085497206909827983e-01
5.450121654501216550e-01 3.754783086516794155e-01
5.462287104622871592e-01 4.321563787918337729e-01
5.474452554744525523e-01 4.785016970551957405e-01
5.486618004866180565e-01 5.117301078839823214e-01
5.498783454987834496e-01 5.309595808125437966e-01
5.510948905109489537e-01 5.362371913578758420e-01
5.523114355231143469e-01 5.277546543151125924e-01
5.535279805352798510e-01 5.059022094570629902e-01
5.547445255474452441e-01 4.714100370171748211e-01
5.559610705596107483e-01 4.252980385431670007e-01
5.571776155717761414e-01 3.688508780109409635e-01
5.583941605839416455e-01 3.037654856043285334e-01
5.596107055961070387e-01 2.320753468559448307e-01
5.608272506082725428e-01 1.559756410523063241e-01
5.620437956204379359e-01 7.767686698603677720e-02
5.632603406326034401e-01 -7.238397149114604275e-04
5.644768856447688332e-01 -7.735148670698704931e-02
5.656934306569343374e-01 -1.505660742308033428e-01
5.669099756690997305e-01 -2.188969675914728685e-01
5.681265206812652346e-01 -2.810003026279459526e-01
5.693430656934306278e-01 -3.356875336803085141e-01
5.705596107055961319e-01 -3.819992096054051767e-01
5.717761557177615250e-01 -4.192283004974121097e-01
5.729927007299270292e-01 -4.468126857743565661e-01
5.742092457420924223e-01 -4.644458759763147038e-01
5.754257907542579265e-01 -4.722289347046002561e-01
5.766423357664233196e-01 -4.705794117910288010e-01
5.778588807785888237e-01 -4.600119404883713514e-01
5.790754257907543279e-01 -4.410845373758709997e-01
5.802919708029197210e-01 -4.145364809899662051e-01
5.815085158150852251e-01 -3.812798531346772157e-01
5.827250608272506183e-01 -3.422157865324438331e-01
5.839416058394161224e-01 -2.981915362607928111e-01
5.851581508515815155e-01 -2.500980933288962094e-01
5.863746958637470197e-01 -1.989090893127281046e-01
5.875912408759124128e-01 -1.456477688720071439e-01
5.888077858880779170e-01 -9.132907198759931955e-02
5.900243309002433101e-01 -3.688174372001070539e-02
5.912408759124088142e-01 1.689642619307243215e-02
5.924574209245742074e-01 6.924168656067862526e-02
5.936739659367397115e-01 1.193464748389698321e-01
5.948905109489051046e-01 1.665569645225270512e-01
5.961070559610706088e-01 2.104304837286202212e-01
5.973236009732360019e-01 2.505211358920007569e-01
5.985401459854015060e-01 2.863121461265251133e-01
5.997566909975668992e-01 3.173821728728875580e-01
6.009732360097324033e-01 3.433962636829837600e-01
6.021897810218977964e-01 3.641012677976284140e-01
6.034063260340633006e-01 3.795096596972077352e-01
6.046228710462286937e-01 3.895766628448968372e-01
6.058394160583941979e-01 3.946233614396448819e-01
6.070559610705595910e-01 3.938656595677383909e-01
6.082725060827250951e-01 3.883786779453556881e-01
6.094890510948904883e-01 3.781641923498350044e-01
6.107055961070559924e-01 3.630288839041312388e-01
6.119221411192213855e-01 3.435727617130689970e-01
6.131386861313868897e-01 3.201706954411072670e-01
6.143552311435522828e-01 2.930863421006137948e-01
6.155717761557177869e-01 2.626199954993683194e-01
6.167883211678831801e-01 2.291476116617791325e-01
6.180048661800486842e-01 1.931116337446467934e-01
6.192214111922140773e-01 1.549883189678888384e-01
6.204379562043795815e-01 1.152570339286011353e-01
6.216545012165449746e-01 7.438454014201008324e-02
6.228710462287104788e-01 3.281523773003073435e-02
6.240875912408759829e-01 -9.036343221136692791e-03
6.253041362530413760e-01 -5.077273931912199001e-02
6.265206812652068802e-01 -9.197454987194324250e-02
6.277372262773722733e-01 -1.321533838401403871e-01
6.289537712895377775e-01 -1.707610698306727959e-01
6.301703163017031706e-01 -2.072694140711317523e-01
6.313868613138686747e-01 -2.412579632236740990e-01
6.326034063260340679e-01 -2.724049180313015128e-01
6.338199513381995720e-01 -3.004182998008560479e-01
6.350364963503649651e-01 -3.249936366322704329e-01
6.362530413625304693e-01 -3.458302267924520668e-01
6.374695863746958624e-01 -3.626361888622743335e-01
6.386861313868613665e-01 -3.751081085618636068e-01
6.399026763990267597e-01 -3.829688045974482535e-01
6.411192214111922638e-01 -3.860709855656351275e-01
6.423357664233576569e-01 -3.842851701478689486e-01
6.435523114355231611e-01 -3.774422759904195734e-01
6.447688564476885542e-01 -3.656751232826784270e-01
6.459854014598540584e-01 -3.490475720447386854e-01
6.472019464720194515e-01 -3.274694797827738535e-01
6.484184914841849556e-01 -3.014120627575211375e-01
6.496350364963503488e-01 -2.708143770292935071e-01
6.508515815085158529e-01 -2.359352821674806366e-01
6.520681265206812460e-01 -1.971651116241084079e-01
6.532846715328467502e-01 -1.547875895656985468e-01
6.545012165450121433e-01 -1.093250134507801757e-01
6.557177615571776474e-01 -6.127608358849675335e-02
6.569343065693430406e-01 -1.128087258057372012e-02
6.581508515815085447e-01 3.991797444571883180e-02
6.593673965936739378e-01 9.156939932114534220e-02
6.605839416058394420e-01 1.429304424785228789e-01
6.618004866180048351e-01 1.932243592682764133e-01
6.630170316301703393e-01 2.416109877160408093e-01
6.642335766423357324e-01 2.872026046441142344e-01
6.654501216545012365e-01 3.291100632951897142e-01
6.666666666666666297e-01 3.664767659928577226e-01
6.678832116788321338e-01 3.984731748184180411e-01
6.690997566909976380e-01 4.242800102895914471e-01
6.703163017031630311e-01 4.430987436267378454e-01
6.715328467153285352e-01 4.541491463279095364e-01
6.727493917274939284e-01 4.567868160606211592e-01
6.739659367396594325e-01 4.504832768393092768e-01
6.751824817518248256e-01 4.349196940910771692e-01
6.763990267639903298e-01 4.099375349279476555e-01
6.776155717761557229e-01 3.755832433935975545e-01
6.788321167883212270e-01 3.320908227540192437e-01
6.800486618004866202e-01 2.798898839356675494e-01
6.812652068126521243e-01 2.198439508688398714e-01
6.824817518248175174e-01 1.529173575799000484e-01
6.836982968369830216e-01 8.037827661579299843e-02
6.849148418491484147e-01 3.598967507313102342e-03
6.861313868613139189e-01 -7.584361451005944277e-02
6.873479318734793120e-01 -1.559218184844950172e-01
6.885644768856448161e-01 -2.343580839841058472e-01
6.897810218978102093e-01 -3.088401571210664387e-01
6.909975669099757134e-01 -3.770920255543039334e-01
6.922141119221411065e-01 -4.369088050776990251e-01
6.934306569343066107e-01 -4.862175281906302438e-01
6.946472019464720038e-01 -5.230589947719770372e-01
6.958637469586375079e-01 -5.455793689575362260e-01
6.970802919708029011e-01 -5.521190892782165127e-01
6.982968369829684052e-01 -5.414201247366190461e-01
6.995133819951337983e-01 -5.130227271689060675e-01
7.007299270072993025e-01 -4.672367707335070564e-01
7.019464720194646956e-01 -4.051596471407308275e-01
7.031630170316301998e-01 -3.284918626134151198e-01
7.043795620437955929e-01 -2.395663012602753383e-01
7.055961070559610970e-01 -1.410201069985882738e-01
7.068126520681264902e-01 -3.563899032250826548e-02
7.080291970802919943e-01 7.282011544393868219e-02
7.092457420924573874e-01 1.804552588379206290e-01
7.104622871046228916e-01 2.828345238034047360e-01
7.116788321167882847e-01 3.760018623746643196e-01
7.128953771289537888e-01 4.565828616673314189e-01
7.141119221411192930e-01 5.215273119064298690e-01
7.153284671532846861e-01 5.680830552567652791e-01
7.165450121654501903e-01 5.940041053004044835e-01
7.177615571776155834e-01 5.977330098413093928e-01
7.189781021897810875e-01 5.788083257180258734e-01
7.201946472019464807e-01 5.379175262781352718e-01
7.214111922141119848e-01 4.767077682899173996e-01
7.226277372262773779e-01 3.976469508177399859e-01
7.238442822384428821e-01 3.038521713118435552e-01
7.250608272506082752e-01 1.990445014366875598e-01
7.262773722627737794e-01 8.740167285312466783e-02
7.274939172749391725e-01 -2.632143041243744513e-02
7.287104622871046766e-01 -1.376457282850610253e-01
7.299270072992700698e-01 -2.422969377122169699e-01
7.311435523114355739e-01 -3.368477103013080010e-01
7.323600973236009670e-01 -4.182797732174019512e-01
7.335766423357664712e-01 -4.839380392645545315e-01
7.347931873479318643e-01 -5.318014824241231731e-01
7.360097323600973684e-01 -5.607370845709673812e-01
7.372262773722627616e-01 -5.705493032445867474e-01
7.384428223844282657e-01 -5.617329141800116998e-01
7.396593673965936588e-01 -5.348648216090405860e-01
7.408759124087591630e-01 -4.903175107394026622e-01
7.420924574209245561e-01 -4.290946508346549226e-01
7.433090024330900603e-01 -3.534764890358609857e-01
7.445255474452554534e-01 -2.672367666046526202e-01
7.457420924574209575e-01 -1.749256171505320367e-01
7.469586374695863507e-01 -8.044984695817525289e-02
7.481751824817518548e-01 1.345287827610441508e-02
7.493917274939172479e-01 1.047003053483228224e-01
7.506082725060827521e-01 1.910781394962034196e-01
7.518248175182481452e-01 2.703691928718822690e-01
7.530413625304136493e-01 3.402898985437693979e-01
7.542579075425790425e-01 4.001811145047057816e-01
7.554744525547445466e-01 4.491801231268430228e-01
7.566909975669100508e-01 4.862582382423710214e-01
7.579075425790754439e-01 5.105429275938372369e-01
7.591240875912409480e-01 5.208400940298379966e-01
7.603406326034063412e-01 5.147490050567198328e-01
7.615571776155718453e-01 4.923092447497388058e-01
7.627737226277372384e-01 4.554902404159045792e-01
7.639902676399027426e-01 4.071446390281086569e-01
7.652068126520681357e-01 3.497097553621186239e-01
7.664233576642336399e-01 2.852649423311195975e-01
7.676399026763990330e-01 2.159484053619376009e-01
7.688564476885645371e-01 1.419775540161358485e-01
7.700729927007299302e-01 6.581629696913061933e-02
7.712895377128954344e-01 -1.108460480498582069e-02
7.725060827250608275e-01 -8.830144926325553256e-02
7.737226277372263317e-01 -1.635089222181582980e-01
7.749391727493917248e-01 -2.355172459577511146e-01
7.761557177615572289e-01 -3.025561778898763210e-01
7.773722627737226221e-01 -3.616740900198396891e-01
7.785888077858881262e-01 -4.108248774754296728e-01
7.798053527980535193e-01 -4.486220213948747260e-01
7.810218978102190235e-01 -4.740633646019709602e-01
7.822384428223844166e-01 -4.870967125573327783e-01
7.834549878345499208e-01 -4.874604754594762945e-01
7.846715328467153139e-01 -4.762656858142538252e-01
7.858880778588808180e-01 -4.552926501825823036e-01
7.871046228710462112e-01 -4.246718355773514419e-01
7.883211678832117153e-01 -3.838710000848710724e-01
7.895377128953771084e-01 -3.321153779379278914e-01
7.907542579075426126e-01 -2.700488301952300163e-01
7.919708029197080057e-01 -1.996184226337037737e-01
7.931873479318735098e-01 -1.237152957394560271e-01
7.944038929440389030e-01 -4.335605765743075907e-02
7.956204379562044071e-01 3.929667305108074105e-02
7.968369829683698002e-01 1.215667315775490476e-01
7.980535279805353044e-01 2.017641314049289369e-01
7.992700729927006975e-01 2.764765263700620368e-01
8.004866180048662017e-01 3.447767760151572713e-01
8.017031630170317058e-01 4.044832553295793498e-01
8.029197080291970989e-01 4.545068190348603432e-01
8.041362530413626031e-01 4.925291594236604897e-01
8.053527980535279962e-01 5.167983354945122620e-01
8.065693430656935003e-01 5.261860673141828260e-01
8.077858880778588935e-01 5.194238162639341905e-01
8.090024330900243976e-01 4.967778936933334721e-01
8.102189781021897907e-01 4.573262116320275794e-01
8.114355231143552949e-01 4.016702342004390136e-01
8.126520681265206880e-01 3.316948235232468623e-01
8.138686131386861922e-01 2.491474203796400499e-01
8.150851581508515853e-01 1.557612747065686698e-01
8.163017031630170894e-01 5.453748024529422866e-02
8.175182481751824826e-01 -5.194548036848059547e-02
8.187347931873479867e-01 -1.599588695709371067e-01
8.199513381995133798e-01 -2.661279480177189405e-01
8.211678832116788840e-01 -3.651377347303342846e-01
8.223844282238442771e-01 -4.523677885537026322e-01
8.236009732360097813e-01 -5.235798992742410896e-01
8.248175182481751744e-01 -5.751532892408773856e-01
8.260340632603406785e-01 -6.037189345669129459e-01
8.272506082725060716e-01 -6.066360169083321319e-01
8.284671532846715758e-01 -5.822905763799323120e-01
8.296836982968369689e-01 -5.300631433653471003e-01
8.309002433090024731e-01 -4.504154775917637576e-01
8.321167883211678662e-01 -3.460149268102368225e-01
8.333333333333333703e-01 -2.203447135044668825e-01
8.345498783454987635e-01 -7.904405663781675917e-02
8.357664233576642676e-01 7.169283193766029516e-02
8.369829683698296607e-01 2.236440789736085233e-01
8.381995133819951649e-01 3.684324696736382410e-01
8.394160583941605580e-01 4.968179409039739647e-01
8.406326034063260622e-01 5.998984551343400362e-01
8.418491484184914553e-01 6.695724494377138791e-01
8.430656934306569594e-01 6.993038686218671085e-01
8.442822384428223526e-01 6.848905649494300141e-01
8.454987834549878567e-01 6.246937744693679129e-01
8.467153284671533608e-01 5.201653249753821484e-01
8.479318734793187540e-01 3.763548377498994180e-01
8.491484184914842581e-01 2.013920018389397104e-01
8.503649635036496512e-01 6.367991600294602150e-03
8.515815085158151554e-01 -1.950032517763836959e-01
8.527980535279805485e-01 -3.873158413802804678e-01
8.540145985401460527e-01 -5.546737480335531822e-01
8.552311435523114458e-01 -6.819888229575745697e-01
8.564476885644769499e-01 -7.565731934502284428e-01
8.576642335766423431e-01 -7.694039154986360707e-01
8.588807785888078472e-01 -7.162284880937184184e-01
8.600973236009732403e-01 -5.985848268843061426e-01
8.613138686131387445e-01 -4.240472344572751573e-01
8.625304136253041376e-01 -2.059825200919964405e-01
8.637469586374696418e-01 3.705243751335419305e-02
8.649635036496350349e-01 2.826482107932111187e-01
8.661800486618005390e-01 5.065692058654863716e-01
8.673965936739659321e-01 6.851003202771542844e-01
8.686131386861314363e-01 7.975354201144064792e-01
8.698296836982968294e-01 8.286806844552853102e-01
8.710462287104623336e-01 7.710300496535109627e-01
8.722627737226277267e-01 6.263073852092049254e-01
8.734793187347932308e-01 4.061866888145808097e-01
8.746958637469586240e-01 1.320418310480912238e-01
8.759124087591241281e-01 -1.664177204291602818e-01
8.771289537712895212e-01 -4.535334538440238816e-01
8.783454987834550254e-01 -6.915777750910561128e-01
8.795620437956204185e-01 -8.456098766413666645e-01
8.807785888077859227e-01 -8.885847461616945830e-01
8.819951338199513158e-01 -8.062308623163534360e-01
8.832116788321168199e-01 -6.010214124096537880e-01
8.844282238442822131e-01 -2.945178382093333047e-01
8.856447688564477172e-01 7.262413241237825057e-02
8.868613138686131103e-01 4.436582787529599892e-01
8.880778588807786145e-01 7.522662016852967870e-01
8.892944038929440076e-01 9.327000795384274845e-01
8.905109489051095117e-01 9.330384039601251622e-01
8.917274939172750159e-01 7.301504872053850015e-01
8.929440389294404090e-01 3.437537408762502134e-01
8.941605839416059132e-01 -1.545639588076020421e-01
8.953771289537713063e-01 -6.430740022393957034e-01
8.965936739659368104e-01 -9.691478801999434678e-01
8.978102189781022036e-01 -9.915981634312573956e-01
8.990267639902677077e-01 -6.451182919379986336e-01
9.002433090024331008e-01 -9.681298643151051153e-03
9.014598540145986050e-01 6.586271059985987497e-01
9.026763990267639981e-01 1.000000000000000000e+00
9.038929440389295022e-01 7.611364080909420737e-01
9.051094890510948954e-01 4.758193177744103608e-02
9.063260340632603995e-01 -6.391594308206975938e-01
9.075425790754257926e-01 -7.644192216964602604e-01
9.087591240875912968e-01 -2.691427484828189387e-01
9.099756690997566899e-01 3.456541644025136195e-01
9.111922141119221941e-01 5.242025521261498566e-01
9.124087591240875872e-01 2.004157271365203108e-01
9.136253041362530913e-01 -2.138829011908933153e-01
9.148418491484184845e-01 -3.167383479356077336e-01
9.160583941605839886e-01 -9.829859016435794905e-02
9.172749391727493817e-01 1.463973737125621732e-01
9.184914841849148859e-01 1.800619989757511474e-01
9.197080291970802790e-01 3.447935308691608969e-02
9.209245742092457832e-01 -9.771194265429014592e-02
9.221411192214111763e-01 -9.567886282398550823e-02
9.233576642335766804e-01 -3.794074242750557213e-03
9.245742092457420735e-01 6.253246134517530253e-02
9.257907542579075777e-01 4.891278022173170537e-02
9.270072992700729708e-01 -6.212163116288977292e-03
9.282238442822384750e-01 -3.757907479778491849e-02
9.294403892944038681e-01 -2.317992306305604114e-02
9.306569343065693722e-01 8.734106470214409237e-03
9.318734793187347654e-01 2.233870339866262517e-02
9.330900243309002695e-01 1.063287602015990617e-02
9.343065693430656626e-01 -7.090222986661911218e-03
9.355231143552311668e-01 -1.207281772027272819e-02
9.367396593673966709e-01 -3.794545327869334843e-03
9.379562043795620641e-01 5.517040035356047915e-03
9.391727493917275682e-01 6.719363077785043929e-03
9.403892944038929613e-01 1.383248777742150746e-03
9.416058394160584655e-01 -3.283290102105470686e-03
9.428223844282238586e-01 -3.124679177409135124e-03
9.440389294403893627e-01 8.240736114910053286e-05
9.452554744525547559e-01 2.297780519504340289e-03
9.464720194647202600e-01 1.773723083064988101e-03
9.476885644768856531e-01 -7.601472760904282142e-05
9.489051094890511573e-01 -1.071893618600110783e-03
9.501216545012165504e-01 -5.792880714349362683e-04
9.513381995133820546e-01 4.177218553270627241e-04
9.525547445255474477e-01 7.991796843941745927e-04
9.537712895377129518e-01 4.159423318874492549e-04
9.549878345498783450e-01 -1.070326538761751572e-04
9.562043795620438491e-01 -2.337759518333055368e-04
9.574209245742092422e-01 9.117449927585429044e-06
9.586374695863747464e-01 2.586224718889203189e-04
9.598540145985401395e-01 2.755132754470131424e-04
9.610705596107056436e-01 1.225683271018733478e-04
9.622871046228710368e-01 -2.478449549023520748e-06
9.635036496350365409e-01 9.637588905218823493e-07
9.647201946472019340e-01 7.786335516369250604e-05
9.659367396593674382e-01 1.251596530579246989e-04
9.671532846715328313e-01 1.055013789059994905e-04
9.683698296836983355e-01 5.776886662581471661e-05
9.695863746958637286e-01 3.210690102488073758e-05
9.708029197080292327e-01 3.900173912515684594e-05
9.720194647201946259e-01 5.507325063509299471e-05
9.732360097323601300e-01 5.815583577538012514e-05
9.744525547445255231e-01 4.723172302543346532e-05
9.756690997566910273e-01 3.478578601015277062e-05
9.768856447688564204e-01 2.975506549233741273e-05
9.781021897810219246e-01 3.062388339678583852e-05
9.793187347931874287e-01 3.104445026334610140e-05
9.805352798053528218e-01 2.773609711981948713e-05
9.817518248175183260e-01 2.231415450607551266e-05
9.829683698296837191e-01 1.779661584614283018e-05
9.841849148418492232e-01 1.526630196549068035e-05
9.854014598540146164e-01 1.373665727152816213e-05
9.866180048661801205e-01 1.199453719012590098e-05
9.878345498783455136e-01 9.827659061099935898e-06
9.890510948905110178e-01 7.730140410099873395e-06
9.902676399026764109e-01 6.068428813459408237e-06
9.914841849148419151e-01 4.780775717514190437e-06
9.927007299270073082e-01 3.652592113146615958e-06
9.939172749391728123e-01 2.602278081943212751e-06
9.951338199513382055e-01 1.681692058891490233e-06
9.963503649635037096e-01 9.486380084419864804e-07
9.975669099756691027e-01 4.206919749838641891e-07
9.987834549878346069e-01 1.035387658870602893e-07
1.000000000000000000e+00 0.000000000000000000e+00
