0.000000000000000000e+00 5.276264958472234957e-22
1.164144353899883560e-03 -2.754094276309678223e-06
2.328288707799767120e-03 -2.328023270174402044e-05
3.492433061699650679e-03 -5.302685552332432655e-05
4.656577415599534239e-03 -6.866824729987126895e-05
5.820721769499418233e-03 -5.595888720016913367e-05
6.984866123399301359e-03 3.001018174326951973e-06
8.149010477299184485e-03 8.971770890658008017e-05
9.313154831199068479e-03 7.473623886194912468e-05
1.047729918509895247e-02 -2.064673602650206156e-04
1.164144353899883647e-02 -7.721495850884997538e-04
1.280558789289871872e-02 -1.503550257302386844e-03
1.396973224679860272e-02 -2.312622057233989104e-03
1.513387660069848671e-02 -3.048987231999400992e-03
1.629802095459836897e-02 -3.281233718052746755e-03
1.746216530849825296e-02 -2.582430471117836291e-03
1.862630966239813696e-02 -1.062104038502134553e-03
1.979045401629802095e-02 7.143468353358205149e-04
2.095459837019790494e-02 2.230638685261207652e-03
2.211874272409778894e-02 2.994374375286349473e-03
2.328288707799767293e-02 2.150498125431753345e-03
2.444703143189755346e-02 -1.057177950742262118e-03
2.561117578579743745e-02 -6.223793328889759210e-03
2.677532013969732144e-02 -1.190211388025761395e-02
2.793946449359720544e-02 -1.674627836790851254e-02
2.910360884749708943e-02 -1.967427873176830905e-02
3.026775320139697342e-02 -1.916171528408829733e-02
3.143189755529685742e-02 -1.375638347842229013e-02
3.259604190919673794e-02 -3.776606133071098471e-03
3.376018626309662540e-02 8.521922914689308154e-03
3.492433061699650593e-02 2.081965482473221649e-02
3.608847497089639339e-02 3.133566763194962218e-02
3.725261932479627391e-02 3.749705585528273488e-02
3.841676367869615444e-02 3.630267550655515152e-02
3.958090803259604190e-02 2.689348656702991724e-02
4.074505238649592243e-02 1.137812032822543840e-02
4.190919674039580989e-02 -7.411087700687382478e-03
4.307334109429569041e-02 -2.725818839682576586e-02
4.423748544819557788e-02 -4.493065324954945844e-02
4.540162980209545840e-02 -5.602132388291539145e-02
4.656577415599534586e-02 -5.845450766384693159e-02
4.772991850989522639e-02 -5.414823210532666159e-02
4.889406286379510691e-02 -4.601115645619380246e-02
5.005820721769499437e-02 -3.556991676072272096e-02
5.122235157159487490e-02 -2.486873463543731733e-02
5.238649592549476236e-02 -1.799897969025674241e-02
5.355064027939464288e-02 -1.760479598711877855e-02
5.471478463329453035e-02 -2.163965332460281860e-02
5.587892898719441087e-02 -2.652946151137725375e-02
5.704307334109429140e-02 -3.099725574370759337e-02
5.820721769499417886e-02 -3.397409088001164534e-02
5.937136204889405938e-02 -3.188896808773482999e-02
6.053550640279394685e-02 -2.197041531117246288e-02
6.169965075669382737e-02 -6.845557587356923893e-03
6.286379511059371483e-02 8.035305193996774772e-03
6.402793946449360230e-02 2.016574684245315413e-02
6.519208381839347588e-02 2.860452245687469461e-02
6.635622817229336334e-02 2.938264021470511633e-02
6.752037252619325081e-02 1.822782138077444145e-02
6.868451688009312439e-02 -3.555251131335805670e-03
6.984866123399301185e-02 -3.060691025863294251e-02
7.101280558789289932e-02 -5.985347963496823881e-02
7.217694994179278678e-02 -9.006892961689905164e-02
7.334109429569266037e-02 -1.153116846536885731e-01
7.450523864959254783e-02 -1.258904744950918309e-01
7.566938300349243529e-02 -1.168853828371767545e-01
7.683352735739230888e-02 -8.938939578369194117e-02
7.799767171129219634e-02 -4.405288848468918994e-02
7.916181606519208380e-02 1.918010845739318709e-02
8.032596041909197127e-02 9.379500632003884286e-02
8.149010477299184485e-02 1.656302347985768031e-01
8.265424912689173231e-02 2.219359622163941115e-01
8.381839348079161978e-02 2.557051282607258891e-01
8.498253783469149336e-02 2.594772198068591162e-01
8.614668218859138082e-02 2.245964141094682065e-01
8.731082654249126829e-02 1.512473047843734819e-01
8.847497089639115575e-02 5.253341042140276251e-02
8.963911525029102934e-02 -5.435712486567798041e-02
9.080325960419091680e-02 -1.555122707720268116e-01
9.196740395809080426e-02 -2.362872365345959902e-01
9.313154831199069172e-02 -2.789103727915072661e-01
9.429569266589056531e-02 -2.731546634644442806e-01
9.545983701979045277e-02 -2.246114356801718059e-01
9.662398137369034024e-02 -1.473038882335142574e-01
9.778812572759021382e-02 -5.500235028096920470e-02
9.895227008149010128e-02 3.592331340454171101e-02
1.001164144353899887e-01 1.033566369085077569e-01
1.012805587892898762e-01 1.293128366584702649e-01
1.024447031431897498e-01 1.118657775192132275e-01
1.036088474970896373e-01 6.073190603989220976e-02
1.047729918509895247e-01 -1.357878498625462310e-02
1.059371362048893983e-01 -9.771477967207979620e-02
1.071012805587892858e-01 -1.702201682043819886e-01
1.082654249126891732e-01 -2.100405108869897453e-01
1.094295692665890607e-01 -2.098757224551365819e-01
1.105937136204889343e-01 -1.754824369669092665e-01
1.117578579743888217e-01 -1.147071959866167168e-01
1.129220023282887092e-01 -3.693457157363255750e-02
1.140861466821885828e-01 3.926269850342969936e-02
1.152502910360884703e-01 9.225449166090932129e-02
1.164144353899883577e-01 1.130782656097645694e-01
1.175785797438882452e-01 1.070804027933899977e-01
1.187427240977881188e-01 8.249403994177954835e-02
1.199068684516880062e-01 4.716039514359017526e-02
1.210710128055878937e-01 1.621225807469765801e-02
1.222351571594877673e-01 1.013950380981182633e-02
1.233993015133876547e-01 3.912632465398035997e-02
1.245634458672875422e-01 9.750482329341346455e-02
1.257275902211874297e-01 1.747770624574791209e-01
1.268917345750873171e-01 2.608576125162765380e-01
1.280558789289872046e-01 3.390348590270712004e-01
1.292200232828870643e-01 3.862453291030851776e-01
1.303841676367869518e-01 3.880063974259028159e-01
1.315483119906868392e-01 3.476558653884301298e-01
1.327124563445867267e-01 2.763848360978669594e-01
1.338766006984866141e-01 1.835416762003674873e-01
1.350407450523865016e-01 8.324490293751678205e-02
1.362048894062863891e-01 -1.435961577548949776e-03
1.373690337601862488e-01 -5.147643683910662488e-02
1.385331781140861362e-01 -6.406720965528302225e-02
1.396973224679860237e-01 -4.707885310847374771e-02
1.408614668218859112e-01 -8.515183110128587626e-03
1.420256111757857986e-01 4.042296403890892342e-02
1.431897555296856861e-01 7.953480585222799659e-02
1.443538998835855736e-01 9.035730955897883221e-02
1.455180442374854333e-01 7.005489978353289515e-02
1.466821885913853207e-01 2.708091473602073848e-02
1.478463329452852082e-01 -3.045400365253419020e-02
1.490104772991850957e-01 -9.340949043700978727e-02
1.501746216530849831e-01 -1.442038305144082433e-01
1.513387660069848706e-01 -1.636694846304627415e-01
1.525029103608847580e-01 -1.468383735303351034e-01
1.536670547147846178e-01 -1.030562442729932859e-01
1.548311990686845052e-01 -4.322635198329449757e-02
1.559953434225843927e-01 2.161484669256787117e-02
1.571594877764842801e-01 7.287608736137990428e-02
1.583236321303841676e-01 8.936178416306836403e-02
1.594877764842840551e-01 6.249094101659619094e-02
1.606519208381839425e-01 -1.846707827963847389e-04
1.618160651920838022e-01 -8.672988393065181323e-02
1.629802095459836897e-01 -1.858035688926082118e-01
1.641443538998835772e-01 -2.790695170019217852e-01
1.653084982537834646e-01 -3.432377390551782370e-01
1.664726426076833521e-01 -3.658927472247704427e-01
1.676367869615832396e-01 -3.514728051516159968e-01
1.688009313154831270e-01 -3.100349480892809484e-01
1.699650756693829867e-01 -2.493288389032602970e-01
1.711292200232828742e-01 -1.811572494227612351e-01
1.722933643771827616e-01 -1.235755548794514186e-01
1.734575087310826491e-01 -8.695437155143562191e-02
1.746216530849825366e-01 -6.482092218547286233e-02
1.757857974388824240e-01 -4.484749616149955737e-02
1.769499417927823115e-01 -2.068040087355767914e-02
1.781140861466821712e-01 1.242346331114577672e-02
1.792782305005820587e-01 6.313360094457122484e-02
1.804423748544819461e-01 1.343496050421792709e-01
1.816065192083818336e-01 2.131992866967248601e-01
1.827706635622817211e-01 2.803688914854604031e-01
1.839348079161816085e-01 3.247925943166891094e-01
1.850989522700814960e-01 3.420609651724981215e-01
1.862630966239813834e-01 3.270592667924884789e-01
1.874272409778812432e-01 2.800148715362881235e-01
1.885913853317811306e-01 2.159228854370637829e-01
1.897555296856810181e-01 1.570280897304738854e-01
1.909196740395809055e-01 1.165239288479572866e-01
1.920838183934807930e-01 9.750978029883013154e-02
1.932479627473806805e-01 1.034325106446231934e-01
1.944121071012805679e-01 1.363414361533002994e-01
1.955762514551804276e-01 1.860508884884506664e-01
1.967403958090803151e-01 2.334729198489172153e-01
1.979045401629802026e-01 2.657420550474685061e-01
1.990686845168800900e-01 2.795462290038087660e-01
2.002328288707799775e-01 2.709703456844023695e-01
2.013969732246798650e-01 2.338805166943869751e-01
2.025611175785797524e-01 1.707883681603669102e-01
2.037252619324796121e-01 9.410068620307630860e-02
2.048894062863794996e-01 1.285602438298398369e-02
2.060535506402793871e-01 -7.215437481752950966e-02
2.072176949941792745e-01 -1.576834966085514933e-01
2.083818393480791620e-01 -2.331570148017283184e-01
2.095459837019790494e-01 -2.909541313234915161e-01
2.107101280558789369e-01 -3.322239869213660102e-01
2.118742724097787966e-01 -3.571306658203359796e-01
2.130384167636786841e-01 -3.589694084557376597e-01
2.142025611175785715e-01 -3.348025130853871101e-01
2.153667054714784590e-01 -2.935942869164838154e-01
2.165308498253783465e-01 -2.467451478878492366e-01
2.176949941792782339e-01 -1.981842518963383704e-01
2.188591385331781214e-01 -1.509932846161289310e-01
2.200232828870779811e-01 -1.153983691834471886e-01
2.211874272409778686e-01 -1.004112670058041612e-01
2.223515715948777560e-01 -1.029980908220887309e-01
2.235157159487776435e-01 -1.143272520703784434e-01
2.246798603026775309e-01 -1.312800799442349897e-01
2.258440046565774184e-01 -1.526548649462935170e-01
2.270081490104773059e-01 -1.697538723677877448e-01
2.281722933643771656e-01 -1.721593561104347303e-01
2.293364377182770530e-01 -1.599254784965507270e-01
2.305005820721769405e-01 -1.404270380440942878e-01
2.316647264260768280e-01 -1.161585640832141636e-01
2.328288707799767154e-01 -8.546804645289625413e-02
2.339930151338766029e-01 -5.265377392706838133e-02
2.351571594877764904e-01 -2.594483247935647219e-02
2.363213038416763501e-01 -5.428488540163557523e-03
2.374854481955762375e-01 1.631394532811239473e-02
2.386495925494761250e-01 4.106860734250579459e-02
2.398137369033760125e-01 6.325737291608636570e-02
2.409778812572758999e-01 8.164561394882562106e-02
2.421420256111757874e-01 1.012344279428246951e-01
2.433061699650756748e-01 1.213240114757801608e-01
2.444703143189755346e-01 1.325932065635964385e-01
2.456344586728754220e-01 1.297263267848402235e-01
2.467986030267753095e-01 1.169946108552342295e-01
2.479627473806751969e-01 9.755735811494961607e-02
2.491268917345750844e-01 6.823951255612713263e-02
2.502910360884749719e-01 2.994923822269760297e-02
2.514551804423748593e-01 -6.831892002394457028e-03
2.526193247962747468e-01 -3.325453310309402222e-02
2.537834691501746343e-01 -5.085654288958362662e-02
2.549476135040745217e-01 -6.302627505335094138e-02
2.561117578579744092e-01 -6.626174741062941520e-02
2.572759022118742411e-01 -5.796951793970730321e-02
2.584400465657741286e-01 -4.482974486573422512e-02
2.596041909196740161e-01 -3.445632813750266338e-02
2.607683352735739035e-01 -2.568067121415956722e-02
2.619324796274737910e-01 -1.511920199736648505e-02
2.630966239813736784e-01 -6.839246434490449042e-03
2.642607683352735659e-01 -6.523882412280511758e-03
2.654249126891734534e-01 -1.090399602138289459e-02
2.665890570430733408e-01 -1.296903535278119170e-02
2.677532013969732283e-01 -1.361436887611264940e-02
2.689173457508731158e-01 -1.740669972449955180e-02
2.700814901047730032e-01 -2.075892119367289332e-02
2.712456344586728907e-01 -1.510940586817970284e-02
2.724097788125727782e-01 3.832091710992327331e-04
2.735739231664726101e-01 1.897714502227342351e-02
2.747380675203724976e-01 3.802447769852485698e-02
2.759022118742723850e-01 5.986657733647657298e-02
2.770663562281722725e-01 8.084614787696199623e-02
2.782305005820721600e-01 9.142746977177858281e-02
2.793946449359720474e-01 8.861998090000429429e-02
2.805587892898719349e-01 7.803068479561442450e-02
2.817229336437718223e-01 6.315799321672953270e-02
2.828870779976717098e-01 4.241417968046329312e-02
2.840512223515715973e-01 1.894063159574331870e-02
2.852153667054714847e-01 2.997615161970061844e-03
2.863795110593713722e-01 -7.713517921686987829e-04
2.875436554132712597e-01 1.268074427025003142e-03
2.887077997671711471e-01 3.911841982093638287e-03
2.898719441210709791e-01 1.044333033140981346e-02
2.910360884749708665e-01 2.344899992910014219e-02
2.922002328288707540e-01 3.800437821965586133e-02
2.933643771827706415e-01 5.048532769762262978e-02
2.945285215366705289e-01 6.669869293346190886e-02
2.956926658905704164e-01 9.301249914463861901e-02
2.968568102444703039e-01 1.261481947992011410e-01
2.980209545983701913e-01 1.600686529143967030e-01
2.991850989522700788e-01 1.948133577708161535e-01
3.003492433061699662e-01 2.300471235225936828e-01
3.015133876600698537e-01 2.570813464020625383e-01
3.026775320139697412e-01 2.664832663530602441e-01
3.038416763678696286e-01 2.599636898463267842e-01
3.050058207217695161e-01 2.454250452112065328e-01
3.061699650756694036e-01 2.239124575408108775e-01
3.073341094295692355e-01 1.924400461550520580e-01
3.084982537834691230e-01 1.549288080635301268e-01
3.096623981373690104e-01 1.184441289896075028e-01
3.108265424912688979e-01 8.217200844968557127e-02
3.119906868451687854e-01 4.009626594360014840e-02
3.131548311990686728e-01 -6.478035578192208564e-03
3.143189755529685603e-01 -4.800713614317379113e-02
3.154831199068684477e-01 -7.869606172960408319e-02
3.166472642607683352e-01 -9.859594181364675358e-02
3.178114086146682227e-01 -1.034585634195063913e-01
3.189755529685681101e-01 -8.551383401702047915e-02
3.201396973224679976e-01 -4.618132173976707833e-02
3.213038416763678851e-01 1.494601751725254226e-03
3.224679860302677725e-01 4.487003354645028447e-02
3.236321303841676045e-01 7.834809462829391002e-02
3.247962747380674919e-01 9.565139887061700763e-02
3.259604190919673794e-01 8.730950353626715232e-02
3.271245634458672669e-01 5.340553433284533219e-02
3.282887077997671543e-01 8.650010688810166534e-03
3.294528521536670418e-01 -3.092119047548794186e-02
3.306169965075669293e-01 -5.800412026281333983e-02
3.317811408614668167e-01 -6.848810685381032104e-02
3.329452852153667042e-01 -5.605608492037443547e-02
3.341094295692665916e-01 -2.105338946225184318e-02
3.352735739231664791e-01 2.157224408140625410e-02
3.364377182770663666e-01 5.347573615086996524e-02
3.376018626309662540e-01 6.663469179091414951e-02
3.387660069848661415e-01 5.945500453602771407e-02
3.399301513387659734e-01 2.913117886343335322e-02
3.410942956926658609e-01 -2.299323606430432598e-02
3.422584400465657484e-01 -8.366700710969261767e-02
3.434225844004656358e-01 -1.347613705026580178e-01
3.445867287543655233e-01 -1.672240132028263715e-01
3.457508731082654108e-01 -1.797506076728804247e-01
3.469150174621652982e-01 -1.687420821080571620e-01
3.480791618160651857e-01 -1.325689377834463611e-01
3.492433061699650731e-01 -8.185102597062651753e-02
3.504074505238649606e-01 -3.454272696243411434e-02
3.515715948777648481e-01 -1.786482349123253354e-03
3.527357392316647355e-01 1.446692781226896138e-02
3.538998835855646230e-01 1.125725433428304174e-02
3.550640279394645105e-01 -1.619998403208351007e-02
3.562281722933643424e-01 -6.291854513101718949e-02
3.573923166472642299e-01 -1.142907826960646855e-01
3.585564610011641173e-01 -1.596480884041702464e-01
3.597206053550640048e-01 -1.960783819962087227e-01
3.608847497089638923e-01 -2.196327827411850564e-01
3.620488940628637797e-01 -2.229054252921451040e-01
3.632130384167636672e-01 -2.052859798460472951e-01
3.643771827706635547e-01 -1.770806380607823083e-01
3.655413271245634421e-01 -1.472648385454246867e-01
3.667054714784633296e-01 -1.167048128106821098e-01
3.678696158323632170e-01 -8.793703535673824678e-02
3.690337601862631045e-01 -6.975351344988282853e-02
3.701979045401629920e-01 -6.730544458443778189e-02
3.713620488940628794e-01 -7.561426397994622239e-02
3.725261932479627669e-01 -8.813386572317413736e-02
3.736903376018625988e-01 -1.058196178416875161e-01
3.748544819557624863e-01 -1.297911407712488974e-01
3.760186263096623738e-01 -1.520755770480043956e-01
3.771827706635622612e-01 -1.638147603879078762e-01
3.783469150174621487e-01 -1.652508209739003975e-01
3.795110593713620362e-01 -1.596327401184744477e-01
3.806752037252619236e-01 -1.440589843898203715e-01
3.818393480791618111e-01 -1.143261449725522794e-01
3.830034924330616986e-01 -7.560169566491625748e-02
3.841676367869615860e-01 -3.860214001778760479e-02
3.853317811408614735e-01 -7.079801419225520767e-03
3.864959254947613609e-01 1.948708862328686967e-02
3.876600698486612484e-01 3.508282588202559643e-02
3.888242142025611359e-01 3.144097770801154018e-02
3.899883585564609678e-01 9.993012639045673051e-03
3.911525029103608553e-01 -1.938142815687826301e-02
3.923166472642607427e-01 -5.055543871089475394e-02
3.934807916181606302e-01 -8.336447495256672779e-02
3.946449359720605177e-01 -1.127753983498275825e-01
3.958090803259604051e-01 -1.284299174474302085e-01
3.969732246798602926e-01 -1.277951502410408502e-01
3.981373690337601801e-01 -1.180246175504104655e-01
3.993015133876600675e-01 -1.043253591335022989e-01
4.004656577415599550e-01 -8.613584934411529226e-02
4.016298020954598424e-01 -6.567109761104535093e-02
4.027939464493597299e-01 -5.072113657151913063e-02
4.039580908032596174e-01 -4.322648868748327211e-02
4.051222351571595048e-01 -3.417612156485109326e-02
4.062863795110593368e-01 -1.621360074035099741e-02
4.074505238649592243e-01 9.024176219381381189e-03
4.086146682188591117e-01 3.994860670899468696e-02
4.097788125727589992e-01 8.045332551741980753e-02
4.109429569266588866e-01 1.311542225322443744e-01
4.121071012805587741e-01 1.820554612490054569e-01
4.132712456344586616e-01 2.215580180675356947e-01
4.144353899883585490e-01 2.477680822717798770e-01
4.155995343422584365e-01 2.624746127110731964e-01
4.167636786961583240e-01 2.625182940816414012e-01
4.179278230500582114e-01 2.471892822396889178e-01
4.190919674039580989e-01 2.262606069982596169e-01
4.202561117578579863e-01 2.122341500777323864e-01
4.214202561117578738e-01 2.083791608208234170e-01
4.225844004656577058e-01 2.115714561738742394e-01
4.237485448195575932e-01 2.233609274414020962e-01
4.249126891734574807e-01 2.466466484080315491e-01
4.260768335273573681e-01 2.742800683832133379e-01
4.272409778812572556e-01 2.938607327949833703e-01
4.284051222351571431e-01 3.011642465558758142e-01
4.295692665890570305e-01 2.997403751698076713e-01
4.307334109429569180e-01 2.906236626278416169e-01
4.318975552968568055e-01 2.717038328302975869e-01
4.330616996507566929e-01 2.477149703296739058e-01
4.342258440046565804e-01 2.294254112109065380e-01
4.353899883585564679e-01 2.197471494491535782e-01
4.365541327124563553e-01 2.118347830530382392e-01
4.377182770663562428e-01 2.016608873012487868e-01
4.388824214202560747e-01 1.914198578763278979e-01
4.400465657741559622e-01 1.801773897114570255e-01
4.412107101280558497e-01 1.610514344493745031e-01
4.423748544819557371e-01 1.322055966104668800e-01
4.435389988358556246e-01 1.023894591374145124e-01
4.447031431897555120e-01 7.929485843941237733e-02
4.458672875436553995e-01 6.182302899464237056e-02
4.470314318975552870e-01 4.891115037675778515e-02
4.481955762514551744e-01 4.470046384598116290e-02
4.493597206053550619e-01 4.936677819518235644e-02
4.505238649592549494e-01 5.301212332221236917e-02
4.516880093131548368e-01 4.533754528551391105e-02
4.528521536670547243e-01 2.634052390281222886e-02
4.540162980209546117e-01 1.950958860876730991e-04
4.551804423748544992e-01 -3.384207342897795068e-02
4.563445867287543312e-01 -7.455002173479045868e-02
4.575087310826542186e-01 -1.107541676610251657e-01
4.586728754365541061e-01 -1.302207388674629651e-01
4.598370197904539936e-01 -1.319033490674086373e-01
4.610011641443538810e-01 -1.226797240212209456e-01
4.621653084982537685e-01 -1.067475201725326672e-01
4.633294528521536559e-01 -8.796553312335873842e-02
4.644935972060535434e-01 -7.861208199761364479e-02
4.656577415599534309e-01 -9.273989755224505693e-02
4.668218859138533183e-01 -1.323043656484721997e-01
4.679860302677532058e-01 -1.891293552077407403e-01
4.691501746216530933e-01 -2.564651164206681599e-01
4.703143189755529807e-01 -3.293786922576348308e-01
4.714784633294528682e-01 -3.961545084115807858e-01
4.726426076833527001e-01 -4.409050721591415978e-01
4.738067520372525876e-01 -4.577378227957848988e-01
4.749708963911524751e-01 -4.526990747074123855e-01
4.761350407450523625e-01 -4.311305567139782635e-01
4.772991850989522500e-01 -3.943860483446450238e-01
4.784633294528521374e-01 -3.490247195897322463e-01
4.796274738067520249e-01 -3.075138490670169533e-01
4.807916181606519124e-01 -2.760200091286391100e-01
4.819557625145517998e-01 -2.494900532428200868e-01
4.831199068684516873e-01 -2.228740701983185912e-01
4.842840512223515748e-01 -1.979530501960963251e-01
4.854481955762514622e-01 -1.745454311326875563e-01
4.866123399301513497e-01 -1.459189910973040516e-01
4.877764842840512372e-01 -1.090187484991274741e-01
4.889406286379510691e-01 -7.041411471992349569e-02
4.901047729918509566e-01 -3.632218105423494492e-02
4.912689173457508440e-01 -4.116386477742494526e-03
4.924330616996507315e-01 2.914918948565923401e-02
4.935972060535506190e-01 5.710543628857136372e-02
4.947613504074505064e-01 7.204090979171576259e-02
4.959254947613503939e-01 7.535261601158796396e-02
4.970896391152502813e-01 7.156813193772915138e-02
4.982537834691501688e-01 5.918528744740301356e-02
4.994179278230500563e-01 3.612619189835353933e-02
5.005820721769499437e-01 9.111370040867917269e-03
5.017462165308498312e-01 -1.170533539852703503e-02
5.029103608847497187e-01 -2.430916566859479475e-02
5.040745052386496061e-01 -3.177083293441620299e-02
5.052386495925494936e-01 -3.195324085580301260e-02
5.064027939464493810e-01 -2.111968494490858161e-02
5.075669383003492685e-01 -4.653200573787973429e-03
5.087310826542491560e-01 6.253759000326042372e-03
5.098952270081490434e-01 7.419957361148108409e-03
5.110593713620489309e-01 2.365044359906063459e-03
5.122235157159488184e-01 -8.087926770270301158e-03
5.133876600698485948e-01 -2.578469893382421066e-02
5.145518044237484823e-01 -4.484002258109952288e-02
5.157159487776483697e-01 -5.303541554998314478e-02
5.168800931315482572e-01 -4.587733213820396894e-02
5.180442374854481447e-01 -3.020472716103914448e-02
5.192083818393480321e-01 -1.228293467833771295e-02
5.203725261932479196e-01 7.880490891433148196e-03
5.215366705471478070e-01 2.783076446425515951e-02
5.227008149010476945e-01 3.987981575567374481e-02
5.238649592549475820e-01 4.276058371735240449e-02
5.250291036088474694e-01 4.676907556579709691e-02
5.261932479627473569e-01 6.260953839588252745e-02
5.273573923166472444e-01 9.309247643518220316e-02
5.285215366705471318e-01 1.393410523848086502e-01
5.296856810244470193e-01 2.054264192706972136e-01
5.308498253783469067e-01 2.888333321682604593e-01
5.320139697322467942e-01 3.737917958231328219e-01
5.331781140861466817e-01 4.425896614449970068e-01
5.343422584400465691e-01 4.875730265081586468e-01
5.355064027939464566e-01 5.068101726338465340e-01
5.366705471478463441e-01 4.968320802779453982e-01
5.378346915017462315e-01 4.586918218664262636e-01
5.389988358556461190e-01 4.060319768043928468e-01
5.401629802095460064e-01 3.568376416741737001e-01
5.413271245634458939e-01 3.196737925054136120e-01
5.424912689173457814e-01 2.956721171941915638e-01
5.436554132712456688e-01 2.878703416600935094e-01
5.448195576251455563e-01 2.979048058946432431e-01
5.459837019790454438e-01 3.170879512520519139e-01
5.471478463329452202e-01 3.311866872694889663e-01
5.483119906868451077e-01 3.336612710494430978e-01
5.494761350407449951e-01 3.258084099730028660e-01
5.506402793946448826e-01 3.058213657592544488e-01
5.518044237485447701e-01 2.695953038464160567e-01
5.529685681024446575e-01 2.216891168895220865e-01
5.541327124563445450e-01 1.740172164451321279e-01
5.552968568102444324e-01 1.331575115319318936e-01
5.564610011641443199e-01 9.760079698333117004e-02
5.576251455180442074e-01 6.769427243649731030e-02
5.587892898719440948e-01 4.795677573919055608e-02
5.599534342258439823e-01 3.616152541615930832e-02
5.611175785797438698e-01 2.093138446917591766e-02
5.622817229336437572e-01 -5.483725010491482740e-03
5.634458672875436447e-01 -4.170463980255597475e-02
5.646100116414435321e-01 -8.656014509659300249e-02
5.657741559953434196e-01 -1.436818229835078453e-01
5.669383003492433071e-01 -2.123406015484890774e-01
5.681024447031431945e-01 -2.818641843205147990e-01
5.692665890570430820e-01 -3.421458877370845419e-01
5.704307334109429695e-01 -3.925092655758256055e-01
5.715948777648428569e-01 -4.337637603463934677e-01
5.727590221187427444e-01 -4.612735626236893482e-01
5.739231664726426319e-01 -4.728385107728618197e-01
5.750873108265425193e-01 -4.753517028344939610e-01
5.762514551804424068e-01 -4.766728538187787190e-01
5.774155995343422942e-01 -4.758412987402276806e-01
5.785797438882421817e-01 -4.684289031536998937e-01
5.797438882421419581e-01 -4.567795275083207929e-01
5.809080325960418456e-01 -4.454916923003905405e-01
5.820721769499417331e-01 -4.324315599677601152e-01
5.832363213038416205e-01 -4.142323416416854864e-01
5.844004656577415080e-01 -3.956710016585957002e-01
5.855646100116413955e-01 -3.852968471445450405e-01
5.867287543655412829e-01 -3.843625707658783197e-01
5.878928987194411704e-01 -3.878186614707391788e-01
5.890570430733410578e-01 -3.949059447193891681e-01
5.902211874272409453e-01 -4.081392236825274189e-01
5.913853317811408328e-01 -4.223891313885657639e-01
5.925494761350407202e-01 -4.267140754971902039e-01
5.937136204889406077e-01 -4.165446600456226833e-01
5.948777648428404952e-01 -3.951105107172629416e-01
5.960419091967403826e-01 -3.638426999637906500e-01
5.972060535506402701e-01 -3.203464298687387912e-01
5.983701979045401576e-01 -2.679166608058751731e-01
5.995343422584400450e-01 -2.173075074051239453e-01
6.006984866123399325e-01 -1.747438337772415917e-01
6.018626309662398199e-01 -1.378889408802748684e-01
6.030267753201397074e-01 -1.056611471364713728e-01
6.041909196740395949e-01 -8.152487620345172381e-02
6.053550640279394823e-01 -6.441821013315875144e-02
6.065192083818393698e-01 -4.490885682189033751e-02
6.076833527357392573e-01 -1.551399942763287756e-02
6.088474970896391447e-01 2.148922931525625371e-02
6.100116414435390322e-01 6.239130637451090894e-02
6.111757857974389196e-01 1.095191413251367513e-01
6.123399301513388071e-01 1.636591567599158248e-01
6.135040745052385835e-01 2.180028612283680667e-01
6.146682188591384710e-01 2.657069104082929734e-01
6.158323632130383585e-01 3.073285625163235668e-01
6.169965075669382459e-01 3.452189057878662926e-01
6.181606519208381334e-01 3.756211070229688032e-01
6.193247962747380209e-01 3.948487818334442956e-01
6.204889406286379083e-01 4.085040442647001613e-01
6.216530849825377958e-01 4.245996722013029023e-01
6.228172293364376833e-01 4.426613317759866550e-01
6.239813736903375707e-01 4.575502319672980489e-01
6.251455180442374582e-01 4.689846871256135863e-01
6.263096623981373456e-01 4.796735664187344872e-01
6.274738067520372331e-01 4.866746337767740571e-01
6.286379511059371206e-01 4.839540372263995138e-01
6.298020954598370080e-01 4.731177466141512911e-01
6.309662398137368955e-01 4.616665685963032839e-01
6.321303841676367830e-01 4.520709451962137138e-01
6.332945285215366704e-01 4.421258333033887267e-01
6.344586728754365579e-01 4.340908169576901954e-01
6.356228172293364453e-01 4.343679787729972097e-01
6.367869615832363328e-01 4.432363234008496189e-01
6.379511059371362203e-01 4.525107288322509080e-01
6.391152502910361077e-01 4.558489545820673672e-01
6.402793946449359952e-01 4.528510907434335486e-01
6.414435389988358827e-01 4.406572339796409610e-01
6.426076833527357701e-01 4.122202691030874000e-01
6.437718277066356576e-01 3.659472773581322058e-01
6.449359720605355450e-01 3.091050910922462092e-01
6.461001164144353215e-01 2.491781395084463890e-01
6.472642607683352090e-01 1.883697507765673684e-01
6.484284051222350964e-01 1.306107127510251487e-01
6.495925494761349839e-01 8.610481839212194566e-02
6.507566938300348713e-01 6.189557376000650452e-02
6.519208381839347588e-01 5.488383548187987515e-02
6.530849825378346463e-01 5.933015544677422426e-02
6.542491268917345337e-01 7.349567768937949330e-02
6.554132712456344212e-01 9.346820834085831087e-02
6.565774155995343087e-01 1.067214914437611128e-01
6.577415599534341961e-01 9.913951604082561764e-02
6.589057043073340836e-01 6.501338409505892646e-02
6.600698486612339710e-01 3.711569070845072062e-03
6.612339930151338585e-01 -8.717187693005683247e-02
6.623981373690337460e-01 -2.060612503006611640e-01
6.635622817229336334e-01 -3.390853775934966063e-01
6.647264260768335209e-01 -4.656656824280461238e-01
6.658905704307334084e-01 -5.704587117575597999e-01
6.670547147846332958e-01 -6.440287345643435080e-01
6.682188591385331833e-01 -6.760268098975046325e-01
6.693830034924330707e-01 -6.589424493397576521e-01
6.705471478463329582e-01 -5.990619707750693967e-01
6.717112922002328457e-01 -5.147800940826966487e-01
6.728754365541327331e-01 -4.245828375982023672e-01
6.740395809080326206e-01 -3.433649453504200033e-01
6.752037252619325081e-01 -2.869065047001418955e-01
6.763678696158323955e-01 -2.688872582805605371e-01
6.775320139697322830e-01 -2.902851091474429879e-01
6.786961583236321705e-01 -3.383415308335014915e-01
6.798603026775319469e-01 -3.977832846895618113e-01
6.810244470314318344e-01 -4.562027568360304541e-01
6.821885913853317218e-01 -4.990294548434939803e-01
6.833527357392316093e-01 -5.105861827402569109e-01
6.845168800931314967e-01 -4.852122915422125149e-01
6.856810244470313842e-01 -4.312647860797915733e-01
6.868451688009312717e-01 -3.614649176853705348e-01
6.880093131548311591e-01 -2.855028447928174007e-01
6.891734575087310466e-01 -2.141956608485614533e-01
6.903376018626309341e-01 -1.615900230413491734e-01
6.915017462165308215e-01 -1.359781263670122309e-01
6.926658905704307090e-01 -1.338446636907475451e-01
6.938300349243305964e-01 -1.474232213279449699e-01
6.949941792782304839e-01 -1.724000393523120178e-01
6.961583236321303714e-01 -2.035522804034703703e-01
6.973224679860302588e-01 -2.297335306423829437e-01
6.984866123399301463e-01 -2.402556860447008502e-01
6.996507566938300338e-01 -2.322684742667410485e-01
7.008149010477299212e-01 -2.061993969257512327e-01
7.019790454016298087e-01 -1.584389706283608201e-01
7.031431897555296961e-01 -8.570564808595190764e-02
7.043073341094295836e-01 6.374230357387364321e-03
7.054714784633294711e-01 1.067421200558267280e-01
7.066356228172293585e-01 2.079263107387913090e-01
7.077997671711292460e-01 3.040553193288580425e-01
7.089639115250291335e-01 3.836875628033016294e-01
7.101280558789290209e-01 4.337068631537462915e-01
7.112922002328289084e-01 4.503540077277322640e-01
7.124563445867286848e-01 4.405313410898983872e-01
7.136204889406285723e-01 4.136008244096806008e-01
7.147846332945284598e-01 3.800142725056336324e-01
7.159487776484283472e-01 3.568365482563941038e-01
7.171129220023282347e-01 3.636962786224290367e-01
7.182770663562281221e-01 4.102086626777711742e-01
7.194412107101280096e-01 4.921630023076148941e-01
7.206053550640278971e-01 5.988605270042323125e-01
7.217694994179277845e-01 7.168781523954441681e-01
7.229336437718276720e-01 8.256122688118500141e-01
7.240977881257275595e-01 8.988751909415231278e-01
7.252619324796274469e-01 9.180802745182028435e-01
7.264260768335273344e-01 8.796686739584197445e-01
7.275902211874272218e-01 7.890415110357060779e-01
7.287543655413271093e-01 6.557900534440391782e-01
7.299185098952269968e-01 4.970935755105031495e-01
7.310826542491268842e-01 3.373823720093946377e-01
7.322467986030267717e-01 1.975668569297317212e-01
7.334109429569266592e-01 8.652765294656786232e-02
7.345750873108265466e-01 6.067283441569175026e-03
7.357392316647264341e-01 -4.314851293411745697e-02
7.369033760186263216e-01 -6.653149603245298027e-02
7.380675203725262090e-01 -7.892613172417395351e-02
7.392316647264260965e-01 -9.629111805590838402e-02
7.403958090803259839e-01 -1.265107319117258766e-01
7.415599534342258714e-01 -1.712539805529958992e-01
7.427240977881257589e-01 -2.328039085724017410e-01
7.438882421420256463e-01 -3.116171731265605094e-01
7.450523864959255338e-01 -3.997446907643744107e-01
7.462165308498253102e-01 -4.855546526443175193e-01
7.473806752037251977e-01 -5.623224524512366873e-01
7.485448195576250852e-01 -6.263813880804888212e-01
7.497089639115249726e-01 -6.713158983360123511e-01
7.508731082654248601e-01 -6.907471694201361423e-01
7.520372526193247475e-01 -6.866140461959515662e-01
7.532013969732246350e-01 -6.683064220374268505e-01
7.543655413271245225e-01 -6.424162180267302125e-01
7.555296856810244099e-01 -6.109261404207830815e-01
7.566938300349242974e-01 -5.783339707044142797e-01
7.578579743888241849e-01 -5.506590367773834815e-01
7.590221187427240723e-01 -5.275885939675092340e-01
7.601862630966239598e-01 -5.020371720350217393e-01
7.613504074505238473e-01 -4.681822196361146160e-01
7.625145518044237347e-01 -4.254567914402465623e-01
7.636786961583236222e-01 -3.728027957056022079e-01
7.648428405122235096e-01 -3.071736291249146378e-01
7.660069848661233971e-01 -2.321879097375297296e-01
7.671711292200232846e-01 -1.594498361467207859e-01
7.683352735739231720e-01 -9.831572257491535960e-02
7.694994179278230595e-01 -5.020741533556989655e-02
7.706635622817229470e-01 -1.320078798491331785e-02
7.718277066356228344e-01 1.384812308788810342e-02
7.729918509895227219e-01 3.632345051773937933e-02
7.741559953434226093e-01 6.754442088134197941e-02
7.753201396973224968e-01 1.195158936219709589e-01
7.764842840512223843e-01 1.947285397235146709e-01
7.776484284051222717e-01 2.904905841660552768e-01
7.788125727590220482e-01 4.032404128918617436e-01
7.799767171129219356e-01 5.248249096342422204e-01
7.811408614668218231e-01 6.392485832395206069e-01
7.823050058207217106e-01 7.291878754356871939e-01
7.834691501746215980e-01 7.860862045518612895e-01
7.846332945285214855e-01 8.088290591991053047e-01
7.857974388824213730e-01 7.969105543148473636e-01
7.869615832363212604e-01 7.531625904917083059e-01
7.881257275902211479e-01 6.877123072212986132e-01
7.892898719441210353e-01 6.124080411179751993e-01
7.904540162980209228e-01 5.331597236667731110e-01
7.916181606519208103e-01 4.504598744194175941e-01
7.927823050058206977e-01 3.661849773019661414e-01
7.939464493597205852e-01 2.830727382622628130e-01
7.951105937136204727e-01 1.972535984200222137e-01
7.962747380675203601e-01 1.008772837864717331e-01
7.974388824214202476e-01 -8.147258895643761517e-03
7.986030267753201350e-01 -1.256612804587346477e-01
7.997671711292200225e-01 -2.477473206294096564e-01
8.009313154831199100e-01 -3.723266083770618851e-01
8.020954598370197974e-01 -4.933841611147821160e-01
8.032596041909196849e-01 -5.993491633832530585e-01
8.044237485448195724e-01 -6.818585449620901962e-01
8.055878928987194598e-01 -7.390348846432094332e-01
8.067520372526193473e-01 -7.681671929071637317e-01
8.079161816065192347e-01 -7.644090462207246972e-01
8.090803259604191222e-01 -7.275304739430678014e-01
8.102444703143190097e-01 -6.642019063107171828e-01
8.114086146682187861e-01 -5.815072424590002065e-01
8.125727590221186736e-01 -4.810094594054757922e-01
8.137369033760185610e-01 -3.636587946628784263e-01
8.149010477299184485e-01 -2.349662620540579616e-01
8.160651920838183360e-01 -9.914779630323980464e-02
8.172293364377182234e-01 4.456975166028966095e-02
8.183934807916181109e-01 1.958439075933238183e-01
8.195576251455179984e-01 3.486482952557719006e-01
8.207217694994178858e-01 4.948242396532179233e-01
8.218859138533177733e-01 6.291531168391479856e-01
8.230500582072176607e-01 7.457237301623741432e-01
8.242142025611175482e-01 8.318159359763189764e-01
8.253783469150174357e-01 8.736672358510543246e-01
8.265424912689173231e-01 8.650690386737015514e-01
8.277066356228172106e-01 8.047944591554759830e-01
8.288707799767170981e-01 6.917847132702974466e-01
8.300349243306169855e-01 5.280332801082819882e-01
8.311990686845168730e-01 3.242202837853746522e-01
8.323632130384167604e-01 9.778861210620518052e-02
8.335273573923166479e-01 -1.354480943726446562e-01
8.346915017462165354e-01 -3.611042082870262737e-01
8.358556461001164228e-01 -5.594955845192908228e-01
8.370197904540163103e-01 -7.091096822441421699e-01
8.381839348079161978e-01 -7.953275896969681513e-01
8.393480791618160852e-01 -8.109629416594813511e-01
8.405122235157159727e-01 -7.520029448135333583e-01
8.416763678696158602e-01 -6.183898774157369216e-01
8.428405122235157476e-01 -4.215254829563359618e-01
8.440046565774156351e-01 -1.857022931102295105e-01
8.451688009313154115e-01 6.118102078986908943e-02
8.463329452852152990e-01 2.919795451880968784e-01
8.474970896391151864e-01 4.775829740378978450e-01
8.486612339930150739e-01 5.907207432474846920e-01
8.498253783469149614e-01 6.160198785120595266e-01
8.509895227008148488e-01 5.549971812825631456e-01
8.521536670547147363e-01 4.209245252343040700e-01
8.533178114086146238e-01 2.333481210765389335e-01
8.544819557625145112e-01 2.111171488652467676e-02
8.556461001164143987e-01 -1.789204256332636578e-01
8.568102444703142861e-01 -3.346916091595141807e-01
8.579743888242141736e-01 -4.277243671638616962e-01
8.591385331781140611e-01 -4.509612264787648539e-01
8.603026775320139485e-01 -4.057315196203807317e-01
8.614668218859138360e-01 -3.043876373824325743e-01
8.626309662398137235e-01 -1.721769928348866052e-01
8.637951105937136109e-01 -3.809138953188864057e-02
8.649592549476134984e-01 7.630223351397333320e-02
8.661233993015133859e-01 1.562619375314950876e-01
8.672875436554132733e-01 1.908913515892881052e-01
8.684516880093131608e-01 1.779425238343346760e-01
8.696158323632130482e-01 1.278613242574444531e-01
8.707799767171129357e-01 5.862510579298467472e-02
8.719441210710128232e-01 -1.388800040676121776e-02
8.731082654249127106e-01 -7.804184960150141459e-02
8.742724097788125981e-01 -1.227477406226855083e-01
8.754365541327124856e-01 -1.414922747384203539e-01
8.766006984866123730e-01 -1.383577657755233337e-01
8.777648428405121495e-01 -1.227266981639437010e-01
8.789289871944120369e-01 -1.001346829486970541e-01
8.800931315483119244e-01 -7.194469772455548695e-02
8.812572759022118118e-01 -4.125185642223870575e-02
8.824214202561116993e-01 -1.265474309281252804e-02
8.835855646100115868e-01 1.507340415338827289e-02
8.847497089639114742e-01 4.804069711593264569e-02
8.859138533178113617e-01 8.748233268902924631e-02
8.870779976717112492e-01 1.280071713887057927e-01
8.882421420256111366e-01 1.638488505575207699e-01
8.894062863795110241e-01 1.906048167648118630e-01
8.905704307334109116e-01 2.018680088013281027e-01
8.917345750873107990e-01 1.901416394858946035e-01
8.928987194412106865e-01 1.547364711770865819e-01
8.940628637951105739e-01 1.041687091633290846e-01
8.952270081490104614e-01 4.828707972782262520e-02
8.963911525029103489e-01 -5.405621291163463342e-03
8.975552968568102363e-01 -4.772932815365067000e-02
8.987194412107101238e-01 -6.826197254442223361e-02
8.998835855646100113e-01 -6.244101607428780010e-02
9.010477299185098987e-01 -3.523384904637863468e-02
9.022118742724097862e-01 4.426027523552713248e-03
9.033760186263096736e-01 4.945129000995364399e-02
9.045401629802095611e-01 9.177681293805380058e-02
9.057043073341094486e-01 1.206751375018691314e-01
9.068684516880093360e-01 1.292994835049235680e-01
9.080325960419092235e-01 1.186960250853573706e-01
9.091967403958091110e-01 9.321870979326871143e-02
9.103608847497089984e-01 5.577820900344255400e-02
9.115250291036087749e-01 1.026714082331312700e-02
9.126891734575086623e-01 -3.468153462904756401e-02
9.138533178114085498e-01 -7.000221308469284365e-02
9.150174621653084372e-01 -9.239649875826727587e-02
9.161816065192083247e-01 -1.020250500973870211e-01
9.173457508731082122e-01 -9.805868411098594972e-02
9.185098952270080996e-01 -8.065871252573091066e-02
9.196740395809079871e-01 -5.447696811620966750e-02
9.208381839348078746e-01 -2.652867212820289589e-02
9.220023282887077620e-01 -1.235957839161167622e-03
9.231664726426076495e-01 1.904097262290966111e-02
9.243306169965075370e-01 3.016946947803485213e-02
9.254947613504074244e-01 2.846093339461347460e-02
9.266589057043073119e-01 1.531969541187835730e-02
9.278230500582071993e-01 -4.583075981663947869e-03
9.289871944121070868e-01 -2.821263637485005304e-02
9.301513387660069743e-01 -5.433371845328865968e-02
9.313154831199068617e-01 -7.997714524952402593e-02
9.324796274738067492e-01 -1.007424460108158198e-01
9.336437718277066367e-01 -1.151960666538788258e-01
9.348079161816065241e-01 -1.247434155311178267e-01
9.359720605355064116e-01 -1.290264015841580958e-01
9.371362048894062990e-01 -1.255388015588515538e-01
9.383003492433061865e-01 -1.134736341193265108e-01
9.394644935972060740e-01 -9.468905080977207955e-02
9.406286379511059614e-01 -7.072969021670276468e-02
9.417927823050058489e-01 -4.184683387883106342e-02
9.429569266589057364e-01 -1.018052864511503203e-02
9.441210710128055128e-01 1.920007306560439844e-02
9.452852153667054003e-01 4.196840973165424232e-02
9.464493597206052877e-01 5.657976310995003338e-02
9.476135040745051752e-01 6.244824636487125713e-02
9.487776484284050627e-01 5.911423528086075241e-02
9.499417927823049501e-01 4.818527633422854672e-02
9.511059371362048376e-01 3.408081079451838469e-02
9.522700814901047250e-01 2.117256727683202583e-02
9.534342258440046125e-01 1.142716179260186080e-02
9.545983701979045000e-01 5.656044511299601445e-03
9.557625145518043874e-01 4.556124566168438458e-03
9.569266589057042749e-01 7.169489933894751706e-03
9.580908032596041624e-01 1.025524148204139292e-02
9.592549476135040498e-01 1.054048471823910461e-02
9.604190919674039373e-01 6.898300134414218042e-03
9.615832363213038247e-01 -2.356574756891454466e-04
9.627473806752037122e-01 -1.026489908157190642e-02
9.639115250291035997e-01 -2.182730484573662533e-02
9.650756693830034871e-01 -3.205528232897073698e-02
9.662398137369033746e-01 -3.812768057503992947e-02
9.674039580908032621e-01 -3.903643190465734547e-02
9.685681024447031495e-01 -3.529537896063722480e-02
9.697322467986030370e-01 -2.783258016583438008e-02
9.708963911525029244e-01 -1.793957812489994225e-02
9.720605355064028119e-01 -7.691012109296507283e-03
9.732246798603026994e-01 8.517599265418663440e-04
9.743888242142025868e-01 6.857987734084131440e-03
9.755529685681024743e-01 1.050231871513039594e-02
9.767171129220023618e-01 1.204779227781636701e-02
9.778812572759021382e-01 1.180480192480221589e-02
9.790454016298020257e-01 1.050102606465957121e-02
9.802095459837019131e-01 8.982914824402230339e-03
9.813736903376018006e-01 7.582240108485386113e-03
9.825378346915016881e-01 6.189044281746765123e-03
9.837019790454015755e-01 4.812020644274429132e-03
9.848661233993014630e-01 3.617212782258349534e-03
9.860302677532013504e-01 2.608692163329566580e-03
9.871944121071012379e-01 1.684776750245987756e-03
9.883585564610011254e-01 8.949605806374179035e-04
9.895227008149010128e-01 3.881314297020395225e-04
9.906868451688009003e-01 1.811442056442915251e-04
9.918509895227007878e-01 1.496034148155535944e-04
9.930151338766006752e-01 1.942884238891961037e-04
9.941792782305005627e-01 2.676529856742649238e-04
9.953434225844004501e-01 3.101980756973741777e-04
9.965075669383003376e-01 2.768101464174533579e-04
9.976717112922002251e-01 1.864038406905580997e-04
9.988358556461001125e-01 8.727156660836917650e-05
1.000000000000000000e+00 1.788680171426876151e-05
