0.000000000000000000e+00 2.051407919131508634e-22
1.164144353899883560e-03 3.575927018031725938e-06
2.328288707799767120e-03 1.096576607217960049e-05
3.492433061699650679e-03 1.757952861977847298e-05
4.656577415599534239e-03 2.120293591412310220e-05
5.820721769499418233e-03 1.966436070080541259e-05
6.984866123399301359e-03 1.058378645319939503e-05
8.149010477299184485e-03 -1.000780520093095649e-05
9.313154831199068479e-03 -4.814815457511862880e-05
1.047729918509895247e-02 -1.118668971768951837e-04
1.164144353899883647e-02 -2.103806484391030599e-04
1.280558789289871872e-02 -3.526872568517296839e-04
1.396973224679860272e-02 -5.460192924032619948e-04
1.513387660069848671e-02 -7.943207093982779113e-04
1.629802095459836897e-02 -1.097126579936357317e-03
1.746216530849825296e-02 -1.449191388856544901e-03
1.862630966239813696e-02 -1.841031568146422838e-03
1.979045401629802095e-02 -2.260202531833410428e-03
2.095459837019790494e-02 -2.693018891499622536e-03
2.211874272409778894e-02 -3.126473311861893787e-03
2.328288707799767293e-02 -3.550026529650426779e-03
2.444703143189755346e-02 -3.956790737585227230e-03
2.561117578579743745e-02 -4.343744265802829477e-03
2.677532013969732144e-02 -4.710963804578099760e-03
2.793946449359720544e-02 -5.060066413347936824e-03
2.910360884749708943e-02 -5.392054994124754162e-03
3.026775320139697342e-02 -5.704883524230718733e-03
3.143189755529685742e-02 -5.991365573634042409e-03
3.259604190919673794e-02 -6.238157586344247711e-03
3.376018626309662540e-02 -6.426261865059914279e-03
3.492433061699650593e-02 -6.533130988022963631e-03
3.608847497089639339e-02 -6.536276662990604842e-03
3.725261932479627391e-02 -6.418063418699690263e-03
3.841676367869615444e-02 -6.170892751836978829e-03
3.958090803259604190e-02 -5.801607353498688946e-03
4.074505238649592243e-02 -5.334100762205142357e-03
4.190919674039580989e-02 -4.809596487309508034e-03
4.307334109429569041e-02 -4.284361151368452046e-03
4.423748544819557788e-02 -3.824805507114856316e-03
4.540162980209545840e-02 -3.500435645838193346e-03
4.656577415599534586e-02 -3.375782217604168106e-03
4.772991850989522639e-02 -3.502611045527135539e-03
4.889406286379510691e-02 -3.913387259457236887e-03
5.005820721769499437e-02 -4.616791594744502208e-03
5.122235157159487490e-02 -5.596157832584842257e-03
5.238649592549476236e-02 -6.811289666932725945e-03
5.355064027939464288e-02 -8.203105618319586970e-03
5.471478463329453035e-02 -9.699912858168088445e-03
5.587892898719441087e-02 -1.122430239415483227e-02
5.704307334109429140e-02 -1.269987680247867956e-02
5.820721769499417886e-02 -1.405674272313949848e-02
5.937136204889405938e-02 -1.523476476732953458e-02
6.053550640279394685e-02 -1.618459289948158755e-02
6.169965075669382737e-02 -1.686743626523207196e-02
6.286379511059371483e-02 -1.725444182619630118e-02
6.402793946449360230e-02 -1.732606763154772786e-02
6.519208381839347588e-02 -1.707205789282312952e-02
6.635622817229336334e-02 -1.649287924953456164e-02
6.752037252619325081e-02 -1.560268278832987153e-02
6.868451688009312439e-02 -1.443272162312799443e-02
6.984866123399301185e-02 -1.303405880077702049e-02
7.101280558789289932e-02 -1.147891879429993600e-02
7.217694994179278678e-02 -9.859806708534235228e-03
7.334109429569266037e-02 -8.284919776613120998e-03
7.450523864959254783e-02 -6.868943656304995343e-03
7.566938300349243529e-02 -5.719940805109199541e-03
7.683352735739230888e-02 -4.924110654224073992e-03
7.799767171129219634e-02 -4.530457712727789868e-03
7.916181606519208380e-02 -4.538010314076661687e-03
8.032596041909197127e-02 -4.889137546305140011e-03
8.149010477299184485e-02 -5.472149213568075488e-03
8.265424912689173231e-02 -6.134331728088912757e-03
8.381839348079161978e-02 -6.704321200214437976e-03
8.498253783469149336e-02 -7.021121979961329924e-03
8.614668218859138082e-02 -6.965514830186535743e-03
8.731082654249126829e-02 -6.487970579390940629e-03
8.847497089639115575e-02 -5.626812518335525676e-03
8.963911525029102934e-02 -4.511968375011725547e-03
9.080325960419091680e-02 -3.352184287910414499e-03
9.196740395809080426e-02 -2.406010399394924344e-03
9.313154831199069172e-02 -1.939559433534852970e-03
9.429569266589056531e-02 -2.177321962596779920e-03
9.545983701979045277e-02 -3.255005962901609626e-03
9.662398137369034024e-02 -5.183815185935555618e-03
9.778812572759021382e-02 -7.833638453797862541e-03
9.895227008149010128e-02 -1.093946293323877147e-02
1.001164144353899887e-01 -1.413166917998410176e-02
1.012805587892898762e-01 -1.698645032094819179e-02
1.024447031431897498e-01 -1.908774672299781011e-02
1.036088474970896373e-01 -2.008882039433342731e-02
1.047729918509895247e-01 -1.976186863220535592e-02
1.059371362048893983e-01 -1.802722961785102954e-02
1.071012805587892858e-01 -1.495743857720613183e-02
1.082654249126891732e-01 -1.075526203605645451e-02
1.094295692665890607e-01 -5.710355850483662087e-03
1.105937136204889343e-01 -1.452179090606709800e-04
1.117578579743888217e-01 5.636744753332983623e-03
1.129220023282887092e-01 1.139122124532260250e-02
1.140861466821885828e-01 1.695496966393362018e-02
1.152502910360884703e-01 2.224537075387719720e-02
1.164144353899883577e-01 2.723718808097981905e-02
1.175785797438882452e-01 3.192458214615135487e-02
1.187427240977881188e-01 3.628262441945263872e-02
1.199068684516880062e-01 4.023789211856599463e-02
1.210710128055878937e-01 4.365332026924543390e-02
1.222351571594877673e-01 4.633074310086959802e-02
1.233993015133876547e-01 4.804339944146939628e-02
1.245634458672875422e-01 4.859053356020597708e-02
1.257275902211874297e-01 4.786363009330631135e-02
1.268917345750873171e-01 4.588659523367368681e-02
1.280558789289872046e-01 4.280036269520656050e-02
1.292200232828870643e-01 3.885967913303141341e-02
1.303841676367869518e-01 3.442008790571320087e-02
1.315483119906868392e-01 2.990180123784590485e-02
1.327124563445867267e-01 2.573498485172891551e-02
1.338766006984866141e-01 2.229495547524488336e-02
1.350407450523865016e-01 1.985233655927440971e-02
1.362048894062863891e-01 1.854677284086279909e-02
1.373690337601862488e-01 1.838351698198515891e-02
1.385331781140861362e-01 1.925003838574771212e-02
1.396973224679860237e-01 2.095258384633472484e-02
1.408614668218859112e-01 2.326531521541482656e-02
1.420256111757857986e-01 2.597728645201790101e-02
1.431897555296856861e-01 2.892542009678060119e-02
1.443538998835855736e-01 3.201005831374349048e-02
1.455180442374854333e-01 3.519290808628359329e-02
1.466821885913853207e-01 3.847730625922830827e-02
1.478463329452852082e-01 4.187545623139830864e-02
1.490104772991850957e-01 4.537396691099421231e-02
1.501746216530849831e-01 4.890908330424542649e-02
1.513387660069848706e-01 5.235713149932690047e-02
1.525029103608847580e-01 5.554162048867611334e-02
1.536670547147846178e-01 5.825714257891757147e-02
1.548311990686845052e-01 6.030639536018105040e-02
1.559953434225843927e-01 6.154069367052062561e-02
1.571594877764842801e-01 6.189266633422570163e-02
1.583236321303841676e-01 6.139378848523349697e-02
1.594877764842840551e-01 6.017361615867514862e-02
1.606519208381839425e-01 5.843972087030172707e-02
1.618160651920838022e-01 5.644062908806642131e-02
1.629802095459836897e-01 5.441931075233090442e-02
1.641443538998835772e-01 5.256757565002024429e-02
1.653084982537834646e-01 5.099003117023771792e-02
1.664726426076833521e-01 4.968333615708695611e-02
1.676367869615832396e-01 4.853470403303956904e-02
1.688009313154831270e-01 4.734087619962031729e-02
1.699650756693829867e-01 4.584385563090941779e-02
1.711292200232828742e-01 4.377559905917541294e-02
1.722933643771827616e-01 4.090325663607654455e-02
1.734575087310826491e-01 3.706781400191791476e-02
1.746216530849825366e-01 3.220992055594840142e-02
1.757857974388824240e-01 2.637832219051322591e-02
1.769499417927823115e-01 1.972020762218553228e-02
1.781140861466821712e-01 1.245725130400658805e-02
1.792782305005820587e-01 4.853393053560320358e-03
1.804423748544819461e-01 -2.819577310186223689e-03
1.816065192083818336e-01 -1.031292521686737879e-02
1.827706635622817211e-01 -1.742320283803162895e-02
1.839348079161816085e-01 -2.400265054636848902e-02
1.850989522700814960e-01 -2.995794865916005106e-02
1.862630966239813834e-01 -3.524022435157744826e-02
1.874272409778812432e-01 -3.983020110243925410e-02
1.885913853317811306e-01 -4.372243941075894952e-02
1.897555296856810181e-01 -4.691263447296602912e-02
1.909196740395809055e-01 -4.939133348158378928e-02
1.920838183934807930e-01 -5.114546384040601773e-02
1.932479627473806805e-01 -5.216653703143669246e-02
1.944121071012805679e-01 -5.246286170303258306e-02
1.955762514551804276e-01 -5.207274670877182210e-02
1.967403958090803151e-01 -5.107543816287370142e-02
1.979045401629802026e-01 -4.959628206013047547e-02
1.990686845168800900e-01 -4.780354191314136608e-02
2.002328288707799775e-01 -4.589670260160872567e-02
2.013969732246798650e-01 -4.408832459077494104e-02
2.025611175785797524e-01 -4.258235239007925055e-02
2.037252619324796121e-01 -4.155205783560549093e-02
2.048894062863794996e-01 -4.112137451670442451e-02
2.060535506402793871e-01 -4.135320721842631470e-02
2.072176949941792745e-01 -4.224638965139047159e-02
2.083818393480791620e-01 -4.374069009671899960e-02
2.095459837019790494e-01 -4.572840276501954904e-02
2.107101280558789369e-01 -4.807091139876674968e-02
2.118742724097787966e-01 -5.061764510696972058e-02
2.130384167636786841e-01 -5.322388480618885781e-02
2.142025611175785715e-01 -5.576463851964364588e-02
2.153667054714784590e-01 -5.814346201668636749e-02
2.165308498253783465e-01 -6.029563401109040710e-02
2.176949941792782339e-01 -6.218508191744401281e-02
2.188591385331781214e-01 -6.379590677755091199e-02
2.200232828870779811e-01 -6.512151038695672411e-02
2.211874272409778686e-01 -6.615458805670518250e-02
2.223515715948777560e-01 -6.687986553481674312e-02
2.235157159487776435e-01 -6.727100065938061701e-02
2.246798603026775309e-01 -6.729345185878066182e-02
2.258440046565774184e-01 -6.691372293953588846e-02
2.270081490104773059e-01 -6.611239377134697781e-02
2.281722933643771656e-01 -6.489701093480955418e-02
2.293364377182770530e-01 -6.331196765924232417e-02
2.305005820721769405e-01 -6.144310921893894606e-02
2.316647264260768280e-01 -5.941421343712891684e-02
2.328288707799767154e-01 -5.737358961582644801e-02
2.339930151338766029e-01 -5.547258876538734007e-02
2.351571594877764904e-01 -5.384043325800499241e-02
2.363213038416763501e-01 -5.255964874616961269e-02
2.374854481955762375e-01 -5.164606357799479686e-02
2.386495925494761250e-01 -5.103829712972537264e-02
2.398137369033760125e-01 -5.060112319586322627e-02
2.409778812572758999e-01 -5.014336134440872811e-02
2.421420256111757874e-01 -4.944700156554843185e-02
2.433061699650756748e-01 -4.830276240197268339e-02
2.444703143189755346e-01 -4.654647317482758784e-02
2.456344586728754220e-01 -4.408893389529058154e-02
2.467986030267753095e-01 -4.093181043108583272e-02
2.479627473806751969e-01 -3.716585255962719103e-02
2.491268917345750844e-01 -3.295255291596536906e-02
2.502910360884749719e-01 -2.849300451252173919e-02
2.514551804423748593e-01 -2.398933433360776399e-02
2.526193247962747468e-01 -1.960659565068489235e-02
2.537834691501746343e-01 -1.544411415796216949e-02
2.549476135040745217e-01 -1.152229345386211572e-02
2.561117578579744092e-01 -7.786006100959716979e-03
2.572759022118742411e-01 -4.122622294952632896e-03
2.584400465657741286e-01 -3.908379294578419620e-04
2.596041909196740161e-01 3.546455612956342374e-03
2.607683352735739035e-01 7.794161925428610450e-03
2.619324796274737910e-01 1.240890987205012751e-02
2.630966239813736784e-01 1.739754543061432582e-02
2.642607683352735659e-01 2.272938947590032524e-02
2.654249126891734534e-01 2.835908734130198131e-02
2.665890570430733408e-01 3.425348710719609835e-02
2.677532013969732283e-01 4.041318911162818800e-02
2.689173457508731158e-01 4.688069531578184512e-02
2.700814901047730032e-01 5.373166619547475181e-02
2.712456344586728907e-01 6.104986199916491441e-02
2.724097788125727782e-01 6.888936034579412615e-02
2.735739231664726101e-01 7.723166350917844147e-02
2.747380675203724976e-01 8.594907085059200202e-02
2.759022118742723850e-01 9.478534683654379900e-02
2.770663562281722725e-01 1.033602334743358581e-01
2.782305005820721600e-01 1.111995013836161589e-01
2.793946449359720474e-01 1.177882545443983964e-01
2.805587892898719349e-01 1.226402147075532495e-01
2.817229336437718223e-01 1.253704608900425010e-01
2.828870779976717098e-01 1.257574629284965440e-01
2.840512223515715973e-01 1.237831408409473116e-01
2.852153667054714847e-01 1.196438817717910830e-01
2.863795110593713722e-01 1.137293964011880931e-01
2.875436554132712597e-01 1.065717440167927438e-01
2.887077997671711471e-01 9.877357181160306698e-02
2.898719441210709791e-01 9.092885709031989228e-02
2.910360884749708665e-01 8.354941152247194469e-02
2.922002328288707540e-01 7.700841484423689987e-02
2.933643771827706415e-01 7.150976230992531213e-02
2.945285215366705289e-01 6.708737907147106772e-02
2.956926658905704164e-01 6.363172176780980405e-02
2.968568102444703039e-01 6.093502784579817727e-02
2.980209545983701913e-01 5.874494603075228194e-02
2.991850989522700788e-01 5.681634895937374280e-02
3.003492433061699662e-01 5.495178505827115478e-02
3.015133876600698537e-01 5.302360027647932961e-02
3.026775320139697412e-01 5.097601172793241042e-02
3.038416763678696286e-01 4.881058353161592256e-02
3.050058207217695161e-01 4.656110563546125847e-02
3.061699650756694036e-01 4.426481891929109208e-02
3.073341094295692355e-01 4.193768492688222660e-02
3.084982537834691230e-01 3.956059446700015830e-02
3.096623981373690104e-01 3.707976968966818221e-02
3.108265424912688979e-01 3.442016254644337386e-02
3.119906868451687854e-01 3.150796009456176966e-02
3.131548311990686728e-01 2.829695657876182824e-02
3.143189755529685603e-01 2.479222292132166050e-02
3.154831199068684477e-01 2.106424764440791367e-02
3.166472642607683352e-01 1.724909035222197545e-02
3.178114086146682227e-01 1.353388841527221331e-02
3.189755529685681101e-01 1.012997380066275183e-02
3.201396973224679976e-01 7.237781515131940131e-03
3.213038416763678851e-01 5.009720742424916308e-03
3.224679860302677725e-01 3.518500450910745300e-03
3.236321303841676045e-01 2.737430436110760250e-03
3.247962747380674919e-01 2.536331064967754442e-03
3.259604190919673794e-01 2.693702652454766071e-03
3.271245634458672669e-01 2.923320505138730409e-03
3.282887077997671543e-01 2.910923179240078665e-03
3.294528521536670418e-01 2.354626266148026215e-03
3.306169965075669293e-01 1.002327620370592910e-03
3.317811408614668167e-01 -1.319362838061353092e-03
3.329452852153667042e-01 -4.688359204192475878e-03
3.341094295692665916e-01 -9.084322366301505330e-03
3.352735739231664791e-01 -1.439939230197590479e-02
3.364377182770663666e-01 -2.045955168426398171e-02
3.376018626309662540e-01 -2.705217508361782222e-02
3.387660069848661415e-01 -3.395485806248065008e-02
3.399301513387659734e-01 -4.096085577316892906e-02
3.410942956926658609e-01 -4.789729767250897746e-02
3.422584400465657484e-01 -5.463397289954560060e-02
3.434225844004656358e-01 -6.108255571974223475e-02
3.445867287543655233e-01 -6.718792437686327279e-02
3.457508731082654108e-01 -7.291439516128069009e-02
3.469150174621652982e-01 -7.823035605722304664e-02
3.480791618160651857e-01 -8.309494631138429621e-02
3.492433061699650731e-01 -8.744996742971369863e-02
3.504074505238649606e-01 -9.121916532822278711e-02
3.515715948777648481e-01 -9.431556737458324235e-02
3.527357392316647355e-01 -9.665594208898369011e-02
3.538998835855646230e-01 -9.818004959349409255e-02
3.550640279394645105e-01 -9.887140417360727740e-02
3.562281722933643424e-01 -9.877563386730739414e-02
3.573923166472642299e-01 -9.801217428842191881e-02
3.585564610011641173e-01 -9.677551755195398786e-02
3.597206053550640048e-01 -9.532390704412198323e-02
3.608847497089638923e-01 -9.395559306699644009e-02
3.620488940628637797e-01 -9.297474029249283567e-02
3.632130384167636672e-01 -9.265092983816687611e-02
3.643771827706635547e-01 -9.317817958705075509e-02
3.655413271245634421e-01 -9.464061198799668395e-02
3.667054714784633296e-01 -9.699118823968184977e-02
3.678696158323632170e-01 -1.000476676916034480e-01
3.690337601862631045e-01 -1.035073677377763707e-01
3.701979045401629920e-01 -1.069796004888467628e-01
3.713620488940628794e-01 -1.100314665181446605e-01
3.725261932479627669e-01 -1.122398157355328080e-01
3.736903376018625988e-01 -1.132411031807392943e-01
3.748544819557624863e-01 -1.127716008657141111e-01
3.760186263096623738e-01 -1.106919464343660564e-01
3.771827706635622612e-01 -1.069923119689495106e-01
3.783469150174621487e-01 -1.017781862744341348e-01
3.795110593713620362e-01 -9.524094114453679483e-02
3.806752037252619236e-01 -8.761999658267485835e-02
3.818393480791618111e-01 -7.916408681879977260e-02
3.830034924330616986e-01 -7.009891022166042651e-02
3.841676367869615860e-01 -6.060729870234844718e-02
3.853317811408614735e-01 -5.082494479041354402e-02
3.864959254947613609e-01 -4.085033087638525323e-02
3.876600698486612484e-01 -3.076409998922556219e-02
3.888242142025611359e-01 -2.065159270419296422e-02
3.899883585564609678e-01 -1.062170787089256226e-02
3.911525029103608553e-01 -8.155765324959333464e-04
3.923166472642607427e-01 8.598993882563433014e-03
3.934807916181606302e-01 1.744704930264787471e-02
3.946449359720605177e-01 2.557588333709859621e-02
3.958090803259604051e-01 3.288794832181103633e-02
3.969732246798602926e-01 3.936953498376773164e-02
3.981373690337601801e-01 4.510698215666366501e-02
3.993015133876600675e-01 5.028417363386926409e-02
4.004656577415599550e-01 5.515958163887589583e-02
4.016298020954598424e-01 6.002575933084084575e-02
4.027939464493597299e-01 6.515750136833270423e-02
4.039580908032596174e-01 7.075761910029448876e-02
4.051222351571595048e-01 7.691136618579577644e-02
4.062863795110593368e-01 8.355997681485503870e-02
4.074505238649592243e-01 9.049981307283348764e-02
4.086146682188591117e-01 9.740841308948028354e-02
4.097788125727589992e-01 1.038941175654031768e-01
4.109429569266588866e-01 1.095614904126516742e-01
4.121071012805587741e-01 1.140805436325766226e-01
4.132712456344586616e-01 1.172461602541177705e-01
4.144353899883585490e-01 1.190164497943252964e-01
4.155995343422584365e-01 1.195232688904293433e-01
4.167636786961583240e-01 1.190528180047314144e-01
4.179278230500582114e-01 1.179994159401284715e-01
4.190919674039580989e-01 1.168013116366029974e-01
4.202561117578579863e-01 1.158712680584995935e-01
4.214202561117578738e-01 1.155346522363701056e-01
4.225844004656577058e-01 1.159851570875048837e-01
4.237485448195575932e-01 1.172649894481641586e-01
4.249126891734574807e-01 1.192719860371738300e-01
4.260768335273573681e-01 1.217901965582304374e-01
4.272409778812572556e-01 1.245352785913121513e-01
4.284051222351571431e-01 1.272041340906485962e-01
4.295692665890570305e-01 1.295190277739446394e-01
4.307334109429569180e-01 1.312581967897036850e-01
4.318975552968568055e-01 1.322679870768201649e-01
4.330616996507566929e-01 1.324565606255816153e-01
4.342258440046565804e-01 1.317743047447429428e-01
4.353899883585564679e-01 1.301885719564419841e-01
4.365541327124563553e-01 1.276604114257966771e-01
4.377182770663562428e-01 1.241301220461018817e-01
4.388824214202560747e-01 1.195164729712075158e-01
4.400465657741559622e-01 1.137302954149227163e-01
4.412107101280558497e-01 1.066983900129241103e-01
4.423748544819557371e-01 9.839106870345397382e-02
4.435389988358556246e-01 8.884638354222394729e-02
4.447031431897555120e-01 7.818460795249422557e-02
4.458672875436553995e-01 6.660795005539978109e-02
4.470314318975552870e-01 5.438403229914146736e-02
4.481955762514551744e-01 4.181631388959176909e-02
4.493597206053550619e-01 2.920763360454079263e-02
4.505238649592549494e-01 1.682377467864075091e-02
4.516880093131548368e-01 4.863869072242951903e-03
4.528521536670547243e-01 -6.556301482444723550e-03
4.540162980209546117e-01 -1.740483006274023275e-02
4.551804423748544992e-01 -2.771907394766044003e-02
4.563445867287543312e-01 -3.758029801058142966e-02
4.575087310826542186e-01 -4.708329310289403186e-02
4.586728754365541061e-01 -5.630716225964231547e-02
4.598370197904539936e-01 -6.529343502107101682e-02
4.610011641443538810e-01 -7.403590695331117855e-02
4.621653084982537685e-01 -8.248312564822911364e-02
4.633294528521536559e-01 -9.055130520104885672e-02
4.644935972060535434e-01 -9.814385983494279542e-02
4.656577415599534309e-01 -1.051728927423541821e-01
4.668218859138533183e-01 -1.115774313355254593e-01
4.679860302677532058e-01 -1.173340181081663353e-01
4.691501746216530933e-01 -1.224577319108463569e-01
4.703143189755529807e-01 -1.269942859968115900e-01
4.714784633294528682e-01 -1.310053962371773295e-01
4.726426076833527001e-01 -1.345507006764891655e-01
4.738067520372525876e-01 -1.376705089154871831e-01
4.749708963911524751e-01 -1.403735813756209483e-01
4.761350407450523625e-01 -1.426324887176441125e-01
4.772991850989522500e-01 -1.443870763414755731e-01
4.784633294528521374e-01 -1.455552531177999875e-01
4.796274738067520249e-01 -1.460493115793515539e-01
4.807916181606519124e-01 -1.457947595481883796e-01
4.819557625145517998e-01 -1.447479387892026126e-01
4.831199068684516873e-01 -1.429092336725672208e-01
4.842840512223515748e-01 -1.403298037866480275e-01
4.854481955762514622e-01 -1.371106559499763178e-01
4.866123399301513497e-01 -1.333937420782135008e-01
4.877764842840512372e-01 -1.293461092826901082e-01
4.889406286379510691e-01 -1.251394773076587585e-01
4.901047729918509566e-01 -1.209282741380087595e-01
4.912689173457508440e-01 -1.168292441136168647e-01
4.924330616996507315e-01 -1.129056536149577600e-01
4.935972060535506190e-01 -1.091586482926651530e-01
4.947613504074505064e-01 -1.055271422577702262e-01
4.959254947613503939e-01 -1.018960929810073662e-01
4.970896391152502813e-01 -9.811170583097468534e-02
4.982537834691501688e-01 -9.400108926090991468e-02
4.994179278230500563e-01 -8.939305336262967638e-02
5.005820721769499437e-01 -8.413642957333872241e-02
5.017462165308498312e-01 -7.811287590296651928e-02
5.029103608847497187e-01 -7.124249975344501551e-02
5.040745052386496061e-01 -6.348231279775586045e-02
5.052386495925494936e-01 -5.481914647774462079e-02
5.064027939464493810e-01 -4.525991217852844140e-02
5.075669383003492685e-01 -3.482270647317393941e-02
5.087310826542491560e-01 -2.353209809676101369e-02
5.098952270081490434e-01 -1.142098759059365434e-02
5.110593713620489309e-01 1.460274312416895426e-03
5.122235157159488184e-01 1.502904552644513184e-02
5.133876600698485948e-01 2.915344340957425756e-02
5.145518044237484823e-01 4.363813923635215947e-02
5.157159487776483697e-01 5.821788413034188064e-02
5.168800931315482572e-01 7.256279237878805743e-02
5.180442374854481447e-01 8.629731488836613063e-02
5.192083818393480321e-01 9.903187957273452968e-02
5.203725261932479196e-01 1.104031992370875653e-01
5.215366705471478070e-01 1.201170702382574618e-01
5.227008149010476945e-01 1.279863559860596189e-01
5.238649592549475820e-01 1.339568988590431609e-01
5.250291036088474694e-01 1.381157381802377015e-01
5.261932479627473569e-01 1.406792083982286168e-01
5.273573923166472444e-01 1.419622699309475156e-01
5.285215366705471318e-01 1.423337282993155928e-01
5.296856810244470193e-01 1.421645543700127412e-01
5.308498253783469067e-01 1.417781726570765399e-01
5.320139697322467942e-01 1.414115497386953524e-01
5.331781140861466817e-01 1.411936762314843496e-01
5.343422584400465691e-01 1.411443690383240579e-01
5.355064027939464566e-01 1.411924560041893650e-01
5.366705471478463441e-01 1.412088067706284977e-01
5.378346915017462315e-01 1.410465920528070349e-01
5.389988358556461190e-01 1.405795760087779622e-01
5.401629802095460064e-01 1.397300389072763382e-01
5.413271245634458939e-01 1.384806106313735963e-01
5.424912689173457814e-01 1.368678165693922866e-01
5.436554132712456688e-01 1.349591617074680228e-01
5.448195576251455563e-01 1.328197877511308467e-01
5.459837019790454438e-01 1.304776837631184405e-01
5.471478463329452202e-01 1.278966823921627860e-01
5.483119906868451077e-01 1.249643743892096259e-01
5.494761350407449951e-01 1.214989072231994899e-01
5.506402793946448826e-01 1.172747242170638082e-01
5.518044237485447701e-01 1.120626022116139181e-01
5.529685681024446575e-01 1.056752276953205616e-01
5.541327124563445450e-01 9.800798086410764109e-02
5.552968568102444324e-01 8.906579456881680290e-02
5.564610011641443199e-01 7.896967067210475255e-02
5.576251455180442074e-01 6.794019704342721400e-02
5.587892898719440948e-01 5.626046378815808408e-02
5.599534342258439823e-01 4.422601626405542330e-02
5.611175785797438698e-01 3.209263990223168439e-02
5.622817229336437572e-01 2.003296163481486231e-02
5.634458672875436447e-01 8.111004410104413753e-03
5.646100116414435321e-01 -3.719477183308274922e-03
5.657741559953434196e-01 -1.559209186701449902e-02
5.669383003492433071e-01 -2.768546717698344359e-02
5.681024447031431945e-01 -4.017110594896093623e-02
5.692665890570430820e-01 -5.316281813416456892e-02
5.704307334109429695e-01 -6.667852545456022517e-02
5.715948777648428569e-01 -8.062280268232054070e-02
5.727590221187427444e-01 -9.479392050906311484e-02
5.739231664726426319e-01 -1.089131022069038113e-01
5.750873108265425193e-01 -1.226684815239417747e-01
5.762514551804424068e-01 -1.357634849503393804e-01
5.774155995343422942e-01 -1.479588442456795938e-01
5.785797438882421817e-01 -1.590988065590951406e-01
5.797438882421419581e-01 -1.691158111883120096e-01
5.809080325960418456e-01 -1.780135311480520455e-01
5.820721769499417331e-01 -1.858335783555266629e-01
5.832363213038416205e-01 -1.926145528115702221e-01
5.844004656577415080e-01 -1.983535728194052716e-01
5.855646100116413955e-01 -2.029803174423218115e-01
5.867287543655412829e-01 -2.063511723020994837e-01
5.878928987194411704e-01 -2.082660363309254137e-01
5.890570430733410578e-01 -2.085045335127837240e-01
5.902211874272409453e-01 -2.068739777362381127e-01
5.913853317811408328e-01 -2.032589289795952436e-01
5.925494761350407202e-01 -1.976612463384403995e-01
5.937136204889406077e-01 -1.902208349499755202e-01
5.948777648428404952e-01 -1.812113976278755811e-01
5.960419091967403826e-01 -1.710111734702677300e-01
5.972060535506402701e-01 -1.600537131951048353e-01
5.983701979045401576e-01 -1.487673272101053268e-01
5.995343422584400450e-01 -1.375140816198705818e-01
6.006984866123399325e-01 -1.265395801365424289e-01
6.018626309662398199e-01 -1.159424724593537404e-01
6.030267753201397074e-01 -1.056683453329191752e-01
6.041909196740395949e-01 -9.552812486360046096e-02
6.053550640279394823e-01 -8.523721476882914483e-02
6.065192083818393698e-01 -7.446820482443523848e-02
6.076833527357392573e-01 -6.290761562510360783e-02
6.088474970896391447e-01 -5.030695173855249253e-02
6.100116414435390322e-01 -3.652040347137770065e-02
6.111757857974389196e-01 -2.152460638591182848e-02
6.123399301513388071e-01 -5.418982855190024837e-03
6.135040745052385835e-01 1.159164141423283355e-02
6.146682188591384710e-01 2.922748047583823006e-02
6.158323632130383585e-01 4.717085822398929540e-02
6.169965075669382459e-01 6.510343404747014062e-02
6.181606519208381334e-01 8.273817468499852779e-02
6.193247962747380209e-01 9.984214160196049070e-02
6.204889406286379083e-01 1.162480900552681634e-01
6.216530849825377958e-01 1.318551532398306858e-01
6.228172293364376833e-01 1.466206728188833852e-01
6.239813736903375707e-01 1.605459306746009895e-01
6.251455180442374582e-01 1.736585885717389921e-01
6.263096623981373456e-01 1.859946781980452435e-01
6.274738067520372331e-01 1.975827789490771369e-01
6.286379511059371206e-01 2.084321468230994623e-01
6.298020954598370080e-01 2.185254338236538030e-01
6.309662398137368955e-01 2.278159983911419162e-01
6.321303841676367830e-01 2.362295388614880920e-01
6.332945285215366704e-01 2.436692485518534013e-01
6.344586728754365579e-01 2.500229746283931798e-01
6.356228172293364453e-01 2.551706758324933655e-01
6.367869615832363328e-01 2.589909302311512729e-01
6.379511059371362203e-01 2.613657187654624958e-01
6.391152502910361077e-01 2.621829819659637351e-01
6.402793946449359952e-01 2.613369634328734925e-01
6.414435389988358827e-01 2.587271534870828615e-01
6.426076833527357701e-01 2.542570520452579474e-01
6.437718277066356576e-01 2.478337444748578977e-01
6.449359720605355450e-01 2.393690863685049297e-01
6.461001164144353215e-01 2.287834307411352464e-01
6.472642607683352090e-01 2.160125787422480237e-01
6.484284051222350964e-01 2.010175458831341688e-01
6.495925494761349839e-01 1.837956555485903143e-01
6.507566938300348713e-01 1.643912700569358509e-01
6.519208381839347588e-01 1.429046565864724172e-01
6.530849825378346463e-01 1.194972661569871780e-01
6.542491268917345337e-01 9.439160475894316227e-02
6.554132712456344212e-01 6.786487662711832014e-02
6.565774155995343087e-01 4.023721814158618543e-02
6.577415599534341961e-01 1.185628314680643725e-02
6.589057043073340836e-01 -1.691992358667090274e-02
6.600698486612339710e-01 -4.573979302438444666e-02
6.612339930151338585e-01 -7.427190278643829024e-02
6.623981373690337460e-01 -1.022139331513516047e-01
6.635622817229336334e-01 -1.292963700196101406e-01
6.647264260768335209e-01 -1.552818513348400986e-01
6.658905704307334084e-01 -1.799613139908017023e-01
6.670547147846332958e-01 -2.031484191023496255e-01
6.682188591385331833e-01 -2.246743701531615511e-01
6.693830034924330707e-01 -2.443851726825287396e-01
6.705471478463329582e-01 -2.621423023193222845e-01
6.717112922002328457e-01 -2.778268267789404389e-01
6.728754365541327331e-01 -2.913468170887875686e-01
6.740395809080326206e-01 -3.026473097187730166e-01
6.752037252619325081e-01 -3.117206343845331240e-01
6.763678696158323955e-01 -3.186139444496843276e-01
6.775320139697322830e-01 -3.234312820935673072e-01
6.786961583236321705e-01 -3.263284987672159243e-01
6.798603026775319469e-01 -3.274998715683827832e-01
6.810244470314318344e-01 -3.271561794728550243e-01
6.821885913853317218e-01 -3.254961225555752513e-01
6.833527357392316093e-01 -3.226750073436655541e-01
6.845168800931314967e-01 -3.187751401820091424e-01
6.856810244470313842e-01 -3.137821007196859857e-01
6.868451688009312717e-01 -3.075712430349189508e-01
6.880093131548311591e-01 -2.999085645194401462e-01
6.891734575087310466e-01 -2.904680675851236127e-01
6.903376018626309341e-01 -2.788646937147225557e-01
6.915017462165308215e-01 -2.646996545867429385e-01
6.926658905704307090e-01 -2.476134527933341323e-01
6.938300349243305964e-01 -2.273399462181653063e-01
6.949941792782304839e-01 -2.037531890798469636e-01
6.961583236321303714e-01 -1.768993438422124809e-01
6.973224679860302588e-01 -1.470085706261012037e-01
6.984866123399301463e-01 -1.144846442415581173e-01
6.996507566938300338e-01 -7.987271711315009626e-02
7.008149010477299212e-01 -4.380914301017400925e-02
7.019790454016298087e-01 -6.961047169332676941e-03
7.031431897555296961e-01 3.003479510942749092e-02
7.043073341094295836e-01 6.662483692831222548e-02
7.054714784633294711e-01 1.023761113172442228e-01
7.066356228172293585e-01 1.369928227635029694e-01
7.077997671711292460e-01 1.703103576976671696e-01
7.089639115250291335e-01 2.022694345327510634e-01
7.101280558789290209e-01 2.328766247790325095e-01
7.112922002328289084e-01 2.621588117018440189e-01
7.124563445867286848e-01 2.901193861738397550e-01
7.136204889406285723e-01 3.167037569143920650e-01
7.147846332945284598e-01 3.417799547846561703e-01
7.159487776484283472e-01 3.651363409244248737e-01
7.171129220023282347e-01 3.864944823489059877e-01
7.182770663562281221e-01 4.055327322334555395e-01
7.194412107101280096e-01 4.219145637683044403e-01
7.206053550640278971e-01 4.353148343996646741e-01
7.217694994179277845e-01 4.454379970456127102e-01
7.229336437718276720e-01 4.520254091988545886e-01
7.240977881257275595e-01 4.548526589430389455e-01
7.252619324796274469e-01 4.537203500986830007e-01
7.264260768335273344e-01 4.484431476684946904e-01
7.275902211874272218e-01 4.388426841832494540e-01
7.287543655413271093e-01 4.247493654264759000e-01
7.299185098952269968e-01 4.060153974661218079e-01
7.310826542491268842e-01 3.825377111604678082e-01
7.322467986030267717e-01 3.542867840851320893e-01
7.334109429569266592e-01 3.213359055074531678e-01
7.345750873108265466e-01 2.838845839202260857e-01
7.357392316647264341e-01 2.422700946606374528e-01
7.369033760186263216e-01 1.969635397635051688e-01
7.380675203725262090e-01 1.485505207722169763e-01
7.392316647264260965e-01 9.769981873869172662e-02
7.403958090803259839e-01 4.512563877488198760e-02
7.415599534342258714e-01 -8.449687592942099063e-03
7.427240977881257589e-01 -6.232553901681128078e-02
7.438882421420256463e-01 -1.158403425202711029e-01
7.450523864959255338e-01 -1.683749603383451754e-01
7.462165308498253102e-01 -2.193442589182245384e-01
7.473806752037251977e-01 -2.681816561009906508e-01
7.485448195576250852e-01 -3.143231981826132282e-01
7.497089639115249726e-01 -3.571981108773425451e-01
7.508731082654248601e-01 -3.962308867458012585e-01
7.520372526193247475e-01 -4.308561372089644292e-01
7.532013969732246350e-01 -4.605434382478885702e-01
7.543655413271245225e-01 -4.848266492969302011e-01
7.555296856810244099e-01 -5.033307901672240403e-01
7.566938300349242974e-01 -5.157894628842837337e-01
7.578579743888241849e-01 -5.220475161915293372e-01
7.590221187427240723e-01 -5.220471916814647395e-01
7.601862630966239598e-01 -5.158001299029392195e-01
7.613504074505238473e-01 -5.033509425095205048e-01
7.625145518044237347e-01 -4.847401476350274852e-01
7.636786961583236222e-01 -4.599751714293421334e-01
7.648428405122235096e-01 -4.290174535411033774e-01
7.660069848661233971e-01 -3.917910979827599061e-01
7.671711292200232846e-01 -3.482145832494339954e-01
7.683352735739231720e-01 -2.982529553709639125e-01
7.694994179278230595e-01 -2.419842908822022465e-01
7.706635622817229470e-01 -1.796711409515282798e-01
7.718277066356228344e-01 -1.118257292471452474e-01
7.729918509895227219e-01 -3.925785787197019761e-02
7.741559953434226093e-01 3.690308127796057547e-02
7.753201396973224968e-01 1.152169191067758114e-01
7.764842840512223843e-01 1.939732895161451753e-01
7.776484284051222717e-01 2.712606529647322295e-01
7.788125727590220482e-01 3.450560805581706636e-01
7.799767171129219356e-01 4.133249124447536116e-01
7.811408614668218231e-01 4.741185139405652005e-01
7.823050058207217106e-01 5.256594520627266842e-01
7.834691501746215980e-01 5.664055520358429741e-01
7.846332945285214855e-01 5.950875464981316698e-01
7.857974388824213730e-01 6.107199055203890170e-01
7.869615832363212604e-01 6.125899722519639878e-01
7.881257275902211479e-01 6.002346834898404371e-01
7.892898719441210353e-01 5.734160738122998646e-01
7.904540162980209228e-01 5.321069980836510283e-01
7.916181606519208103e-01 4.764969146031857172e-01
7.927823050058206977e-01 4.070230593564298505e-01
7.939464493597205852e-01 3.244253193359288301e-01
7.951105937136204727e-01 2.298161838403140200e-01
7.962747380675203601e-01 1.247524609408540985e-01
7.974388824214202476e-01 1.129313383120480671e-02
7.986030267753201350e-01 -1.079721413784466844e-01
7.997671711292200225e-01 -2.299356831583154182e-01
8.009313154831199100e-01 -3.510301285392807280e-01
8.020954598370197974e-01 -4.673290110962761701e-01
8.032596041909196849e-01 -5.746801509113789175e-01
8.044237485448195724e-01 -6.688590412833961274e-01
8.055878928987194598e-01 -7.457285172796431771e-01
8.067520372526193473e-01 -8.013938422462221212e-01
8.079161816065192347e-01 -8.323493333345209910e-01
8.090803259604191222e-01 -8.356209031035047863e-01
8.102444703143190097e-01 -8.089146652300844842e-01
8.114086146682187861e-01 -7.507836759514517899e-01
8.125727590221186736e-01 -6.608226867940983906e-01
8.137369033760185610e-01 -5.398928112267361579e-01
8.149010477299184485e-01 -3.903634191088881100e-01
8.160651920838183360e-01 -2.163407774424954411e-01
8.172293364377182234e-01 -2.383757565344472515e-02
8.183934807916181109e-01 1.791721321949681645e-01
8.195576251455179984e-01 3.828702517030191377e-01
8.207217694994178858e-01 5.759336660390377283e-01
8.218859138533177733e-01 7.461228752771037476e-01
8.230500582072176607e-01 8.811156382387799191e-01
8.242142025611175482e-01 9.695435498748014025e-01
8.253783469150174357e-01 1.002151901708739912e+00
8.265424912689173231e-01 9.729684312966072612e-01
8.277066356228172106e-01 8.803401968988776582e-01
8.288707799767170981e-01 7.276875368672647282e-01
8.300349243306169855e-01 5.238340952109755699e-01
8.311990686845168730e-01 2.828014758046059063e-01
8.323632130384167604e-01 2.300515390022537729e-02
8.335273573923166479e-01 -2.341454524193475883e-01
8.346915017462165354e-01 -4.661599298370059374e-01
8.358556461001164228e-01 -6.517273697680890931e-01
8.370197904540163103e-01 -7.730862177572780380e-01
8.381839348079161978e-01 -8.182137909170922319e-01
8.393480791618160852e-01 -7.825277760452196141e-01
8.405122235157159727e-01 -6.698195552023575861e-01
8.416763678696158602e-01 -4.922167162148241570e-01
8.428405122235157476e-01 -2.690921221693199361e-01
8.440046565774156351e-01 -2.498421692875379616e-02
8.451688009313154115e-01 2.132514143707914811e-01
8.463329452852152990e-01 4.197012520657619761e-01
8.474970896391151864e-01 5.726154913416688919e-01
8.486612339930150739e-01 6.571249000527454864e-01
8.498253783469149614e-01 6.670453422648946473e-01
8.509895227008148488e-01 6.054923978772790427e-01
8.521536670547147363e-01 4.842102934223153632e-01
8.533178114086146238e-01 3.217238808002472750e-01
8.544819557625145112e-01 1.406104102583922155e-01
8.556461001164143987e-01 -3.567879358349562713e-02
8.568102444703142861e-01 -1.859607602745687593e-01
8.579743888242141736e-01 -2.939678380974615202e-01
8.591385331781140611e-01 -3.501407485386819340e-01
8.603026775320139485e-01 -3.523658414445033360e-01
8.614668218859138360e-01 -3.056339994576683372e-01
8.626309662398137235e-01 -2.207632615556732458e-01
8.637951105937136109e-01 -1.124503851896202361e-01
8.649592549476134984e-01 3.012869600994363701e-03
8.661233993015133859e-01 1.100084203399619848e-01
8.672875436554132733e-01 1.955367463833395381e-01
8.684516880093131608e-01 2.506147284576070167e-01
8.696158323632130482e-01 2.710095028782956716e-01
8.707799767171129357e-01 2.572897815666013166e-01
8.719441210710128232e-01 2.142651055873110166e-01
8.731082654249127106e-01 1.499476556492744250e-01
8.742724097788125981e-01 7.422723570552529349e-02
8.754365541327124856e-01 -2.549374722531490452e-03
8.766006984866123730e-01 -7.089907491649970195e-02
8.777648428405121495e-01 -1.232761365967134093e-01
8.789289871944120369e-01 -1.549032020799812892e-01
8.800931315483119244e-01 -1.641821105748663967e-01
8.812572759022118118e-01 -1.526142888730739888e-01
8.824214202561116993e-01 -1.243180029442129270e-01
8.835855646100115868e-01 -8.523131582883565482e-02
8.847497089639114742e-01 -4.214558319049419716e-02
8.859138533178113617e-01 -1.708181258662238786e-03
8.870779976717112492e-01 3.046759670986350088e-02
8.882421420256111366e-01 5.047075092443616129e-02
8.894062863795110241e-01 5.645938246704976932e-02
8.905704307334109116e-01 4.869976680189344598e-02
8.917345750873107990e-01 2.930483770223716450e-02
8.928987194412106865e-01 1.740575723387184203e-03
8.940628637951105739e-01 -2.980445876590799223e-02
8.952270081490104614e-01 -6.107835472305051666e-02
8.963911525029103489e-01 -8.835076121121092363e-02
8.975552968568102363e-01 -1.088452214942536578e-01
8.987194412107101238e-01 -1.209772176167461522e-01
8.998835855646100113e-01 -1.243924062583297019e-01
9.010477299185098987e-01 -1.198295923499397148e-01
9.022118742724097862e-01 -1.088560951849255332e-01
9.033760186263096736e-01 -9.353619983570117535e-02
9.045401629802095611e-01 -7.609259529510549458e-02
9.057043073341094486e-01 -5.860861643988849595e-02
9.068684516880093360e-01 -4.280306506626398166e-02
9.080325960419092235e-01 -2.989359192965264020e-02
9.091967403958091110e-01 -2.054908336089888640e-02
9.103608847497089984e-01 -1.491784393963595766e-02
9.115250291036087749e-01 -1.271061197079243962e-02
9.126891734575086623e-01 -1.331638745112663155e-02
9.138533178114085498e-01 -1.593111196747324862e-02
9.150174621653084372e-01 -1.968190097932097024e-02
9.161816065192083247e-01 -2.373366105981839641e-02
9.173457508731082122e-01 -2.737076068064362919e-02
9.185098952270080996e-01 -3.005148952691620579e-02
9.196740395809079871e-01 -3.143570224386725565e-02
9.208381839348078746e-01 -3.138765662301059439e-02
9.220023282887077620e-01 -2.995796215584499780e-02
9.231664726426076495e-01 -2.734984274549268762e-02
9.243306169965075370e-01 -2.387480481436167826e-02
9.254947613504074244e-01 -1.990255845416223981e-02
9.266589057043073119e-01 -1.581071737908464753e-02
9.278230500582071993e-01 -1.194020292530284695e-02
9.289871944121070868e-01 -8.560995882489326469e-03
9.301513387660069743e-01 -5.850682918416418715e-03
9.313154831199068617e-01 -3.886633560488256516e-03
9.324796274738067492e-01 -2.651466903763818016e-03
9.336437718277066367e-01 -2.049752956973520130e-03
9.348079161816065241e-01 -1.932060975652143478e-03
9.359720605355064116e-01 -2.121875299561531026e-03
9.371362048894062990e-01 -2.441665678890046157e-03
9.383003492433061865e-01 -2.735289236814152612e-03
9.394644935972060740e-01 -2.884306918169086444e-03
9.406286379511059614e-01 -2.816434497445174934e-03
9.417927823050058489e-01 -2.505757442684063835e-03
9.429569266589057364e-01 -1.965871248637061138e-03
9.441210710128055128e-01 -1.237958530236553823e-03
9.452852153667054003e-01 -3.761802566520652076e-04
9.464493597206052877e-01 5.668045012922033480e-04
9.476135040745051752e-01 1.551176297444299039e-03
9.487776484284050627e-01 2.555931422073192370e-03
9.499417927823049501e-01 3.578880594938245365e-03
9.511059371362048376e-01 4.631414111310858464e-03
9.522700814901047250e-01 5.729490182130377897e-03
9.534342258440046125e-01 6.882955129460629345e-03
9.545983701979045000e-01 8.086029002516243944e-03
9.557625145518043874e-01 9.311694231828173546e-03
9.569266589057042749e-01 1.051137801102741860e-02
9.580908032596041624e-01 1.161970432964886009e-02
9.592549476135040498e-01 1.256320628856519295e-02
9.604190919674039373e-01 1.327141029912140904e-02
9.615832363213038247e-01 1.368804496591080437e-02
9.627473806752037122e-01 1.377982688501658108e-02
9.639115250291035997e-01 1.354107416499168888e-02
9.650756693830034871e-01 1.299375207561349020e-02
9.662398137369033746e-01 1.218342029212771127e-02
9.674039580908032621e-01 1.117199413125627774e-02
9.685681024447031495e-01 1.002888194075579262e-02
9.697322467986030370e-01 8.822569302447002063e-03
9.708963911525029244e-01 7.614266630082998540e-03
9.720605355064028119e-01 6.454129898102256048e-03
9.732246798603026994e-01 5.379856850156111876e-03
9.743888242142025868e-01 4.417272007257561604e-03
9.755529685681024743e-01 3.582178627901637900e-03
9.767171129220023618e-01 2.882360210805562286e-03
9.778812572759021382e-01 2.318886151232537381e-03
9.790454016298020257e-01 1.886694569296711076e-03
9.802095459837019131e-01 1.574878302683813602e-03
9.813736903376018006e-01 1.366992770844975558e-03
9.825378346915016881e-01 1.241674348437027831e-03
9.837019790454015755e-01 1.174017596878675898e-03
9.848661233993014630e-01 1.137937881623111861e-03
9.860302677532013504e-01 1.109126260567870007e-03
9.871944121071012379e-01 1.067879001316889183e-03
9.883585564610011254e-01 1.001271446027642746e-03
9.895227008149010128e-01 9.043250508433551193e-04
9.906868451688009003e-01 7.798570924075534086e-04
9.918509895227007878e-01 6.368795285954444597e-04
9.930151338766006752e-01 4.880646281196050155e-04
9.941792782305005627e-01 3.467121150315833765e-04
9.953434225844004501e-01 2.242674108890089330e-04
9.965075669383003376e-01 1.281031683168821502e-04
9.976717112922002251e-01 6.099052729838366489e-05
9.988358556461001125e-01 2.101345648892079447e-05
1.000000000000000000e+00 3.117358614860015433e-06
