0.000000000000000000e+00 -0.000000000000000000e+00
4.098360655737705131e-03 -2.156365195516346317e-04
8.196721311475410263e-03 -1.192820890042921913e-04
1.229508196721311453e-02 1.409880817710501381e-03
1.639344262295082053e-02 5.372050813036289944e-03
2.049180327868852652e-02 1.250611044659070969e-02
2.459016393442622905e-02 2.315185059931281972e-02
2.868852459016393505e-02 3.718087206650311921e-02
3.278688524590164105e-02 5.392433907970920620e-02
3.688524590163934358e-02 7.222410405508924991e-02
4.098360655737705305e-02 9.044344031109717574e-02
4.508196721311475558e-02 1.066501244926701675e-01
4.918032786885245811e-02 1.186942353112774573e-01
5.327868852459016757e-02 1.244977764150975025e-01
5.737704918032787010e-02 1.221444748822525378e-01
6.147540983606557957e-02 1.102195677858836959e-01
6.557377049180328210e-02 8.783549397160278494e-02
6.967213114754099157e-02 5.495214586186955574e-02
7.377049180327868716e-02 1.226759078385220719e-02
7.786885245901639663e-02 -3.854950972972990414e-02
8.196721311475410610e-02 -9.514801508788586770e-02
8.606557377049180169e-02 -1.543659505105468843e-01
9.016393442622951115e-02 -2.127045388014978666e-01
9.426229508196722062e-02 -2.662814437536521472e-01
9.836065573770491621e-02 -3.114314118526370634e-01
1.024590163934426257e-01 -3.446701979079572209e-01
1.065573770491803351e-01 -3.633178722366596225e-01
1.106557377049180446e-01 -3.653852471981094974e-01
1.147540983606557402e-01 -3.501267599678642983e-01
1.188524590163934497e-01 -3.177496459063855472e-01
1.229508196721311591e-01 -2.698182633190525648e-01
1.270491803278688547e-01 -2.089056154841880675e-01
1.311475409836065642e-01 -1.389606087531747858e-01
1.352459016393442737e-01 -6.293695006485360011e-02
1.393442622950819831e-01 1.591012648163969700e-02
1.434426229508196926e-01 9.439115400707706605e-02
1.475409836065573743e-01 1.690974311805982788e-01
1.516393442622950838e-01 2.369659940174080048e-01
1.557377049180327933e-01 2.949951944798119841e-01
1.598360655737705027e-01 3.407882067299380924e-01
1.639344262295082122e-01 3.722349447708932502e-01
1.680327868852459217e-01 3.880261312096375814e-01
1.721311475409836034e-01 3.872875683246441714e-01
1.762295081967213128e-01 3.700559473517378573e-01
1.803278688524590223e-01 3.368467510199085746e-01
1.844262295081967318e-01 2.890733877368434346e-01
1.885245901639344412e-01 2.285695512211569635e-01
1.926229508196721507e-01 1.579569842568838423e-01
1.967213114754098324e-01 8.009950099726464989e-02
2.008196721311475419e-01 -1.566319274585923271e-03
2.049180327868852514e-01 -8.361806018019690701e-02
2.090163934426229608e-01 -1.623377858366853999e-01
2.131147540983606703e-01 -2.343255847631725008e-01
2.172131147540983798e-01 -2.962065953567873944e-01
2.213114754098360892e-01 -3.452364639914668465e-01
2.254098360655737709e-01 -3.789696206716736127e-01
2.295081967213114804e-01 -3.958489900091636815e-01
2.336065573770491899e-01 -3.948264782070508572e-01
2.377049180327868994e-01 -3.758917106576727951e-01
2.418032786885246088e-01 -3.396159944546335852e-01
2.459016393442623183e-01 -2.876114243675745308e-01
2.500000000000000000e-01 -2.220031556166598141e-01
2.540983606557377095e-01 -1.458232628142102083e-01
2.581967213114754189e-01 -6.238831391190981929e-02
2.622950819672131284e-01 2.435848979101172193e-02
2.663934426229508379e-01 1.105051241098012338e-01
2.704918032786885473e-01 1.918595723833093625e-01
2.745901639344262568e-01 2.646405568579178746e-01
2.786885245901639663e-01 3.251630934143615037e-01
2.827868852459016757e-01 3.705153753708508857e-01
2.868852459016393852e-01 3.981949679645834794e-01
2.909836065573770392e-01 4.067576800426528361e-01
2.950819672131147486e-01 3.954016528528382923e-01
2.991803278688524581e-01 3.645344098629449414e-01
3.032786885245901676e-01 3.152623428794901761e-01
3.073770491803278770e-01 2.498933369560063789e-01
3.114754098360655865e-01 1.713319882624178836e-01
3.155737704918032960e-01 8.349129118714540554e-02
3.196721311475410054e-01 -9.422117558526187792e-03
3.237704918032787149e-01 -1.025717962344234457e-01
3.278688524590164244e-01 -1.912587179583605801e-01
3.319672131147541339e-01 -2.706287286577792606e-01
3.360655737704918433e-01 -3.364943915818308651e-01
3.401639344262295528e-01 -3.850214727068292930e-01
3.442622950819672067e-01 -4.135110761768895915e-01
3.483606557377049162e-01 -4.200154274116624786e-01
3.524590163934426257e-01 -4.040416203441851706e-01
3.565573770491803351e-01 -3.660486957595885937e-01
3.606557377049180446e-01 -3.080082095078293669e-01
3.647540983606557541e-01 -2.327348541172087892e-01
3.688524590163934636e-01 -1.443409541202719804e-01
3.729508196721311730e-01 -4.743788905550321011e-02
3.770491803278688825e-01 5.253175338498857622e-02
3.811475409836065920e-01 1.501906861499518187e-01
3.852459016393443014e-01 2.399278931552586980e-01
3.893442622950820109e-01 3.168072701792603585e-01
3.934426229508196649e-01 3.762386565762521617e-01
3.975409836065573743e-01 4.148689150653370739e-01
4.016393442622950838e-01 4.301567015916570313e-01
4.057377049180327933e-01 4.211431452624330718e-01
4.098360655737705027e-01 3.879070889317309256e-01
4.139344262295082122e-01 3.322293410470916752e-01
4.180327868852459217e-01 2.568834073490520176e-01
4.221311475409836311e-01 1.661500716190394689e-01
4.262295081967213406e-01 6.494508335289014833e-02
4.303278688524590501e-01 -4.076723001898146376e-02
4.344262295081967595e-01 -1.449495090114061024e-01
4.385245901639344690e-01 -2.411833325281016183e-01
4.426229508196721785e-01 -3.237315999486617413e-01
4.467213114754098324e-01 -3.872057895352292167e-01
4.508196721311475419e-01 -4.276028225327055954e-01
4.549180327868852514e-01 -4.418951800205102032e-01
4.590163934426229608e-01 -4.289688261594699070e-01
4.631147540983606703e-01 -3.890369154033059274e-01
4.672131147540983798e-01 -3.243674198267835762e-01
4.713114754098360892e-01 -2.384740972628705546e-01
4.754098360655737987e-01 -1.366878473710033681e-01
4.795081967213115082e-01 -2.511441372055001411e-02
4.836065573770492176e-01 8.899919515794364744e-02
4.877049180327869271e-01 1.984570630852189876e-01
4.918032786885246366e-01 2.958021941142687239e-01
4.959016393442623460e-01 3.745480072064159005e-01
5.000000000000000000e-01 4.288604886338496791e-01
5.040983606557377650e-01 4.547793833297487098e-01
5.081967213114754189e-01 4.497286209839938542e-01
5.122950819672131839e-01 4.135495089963470150e-01
5.163934426229508379e-01 3.478211142132571210e-01
5.204918032786886029e-01 2.566818356428123837e-01
5.245901639344262568e-01 1.458140440170455077e-01
5.286885245901639108e-01 2.295149563145266330e-02
5.327868852459016757e-01 -1.034393896693686227e-01
5.368852459016393297e-01 -2.238413116425375937e-01
5.409836065573770947e-01 -3.292433764232649551e-01
5.450819672131147486e-01 -4.110238922718259524e-01
5.491803278688525136e-01 -4.625616918129305533e-01
5.532786885245901676e-01 -4.789162935793043752e-01
5.573770491803279326e-01 -4.582276716985780873e-01
5.614754098360655865e-01 -4.010957959361967085e-01
5.655737704918033515e-01 -3.115912338252914693e-01
5.696721311475410054e-01 -1.960593386130484728e-01
5.737704918032787704e-01 -6.360204310522692139e-02
5.778688524590164244e-01 7.552946975986263300e-02
5.819672131147540783e-01 2.097237223617464952e-01
5.860655737704918433e-01 3.279927173764232151e-01
5.901639344262294973e-01 4.199309931671175167e-01
5.942622950819672623e-01 4.775882625767858825e-01
5.983606557377049162e-01 4.951004770178084602e-01
6.024590163934426812e-01 4.703295055341230047e-01
6.065573770491803351e-01 4.041827219043317432e-01
6.106557377049181001e-01 3.017711390221452517e-01
6.147540983606557541e-01 1.709646847694602234e-01
6.188524590163935191e-01 2.299842290758295424e-02
6.229508196721311730e-01 -1.294062161884365625e-01
6.270491803278689380e-01 -2.719320719741407655e-01
6.311475409836065920e-01 -3.911930835568620535e-01
6.352459016393442459e-01 -4.748675272358169330e-01
6.393442622950820109e-01 -5.140857086297069278e-01
6.434426229508196649e-01 -5.032074822968634065e-01
6.475409836065574298e-01 -4.420096843192378722e-01
6.516393442622950838e-01 -3.348265479049394311e-01
6.557377049180328488e-01 -1.915788035639603148e-01
6.598360655737705027e-01 -2.559511885416476326e-02
6.639344262295082677e-01 1.461138015605572271e-01
6.680327868852459217e-01 3.056761522693940969e-01
6.721311475409836866e-01 4.348469423676548651e-01
6.762295081967213406e-01 5.185657491518294027e-01
6.803278688524591056e-01 5.452257832946632021e-01
6.844262295081967595e-01 5.095652215856200096e-01
6.885245901639344135e-01 4.123370125354756111e-01
6.926229508196721785e-01 2.626828087819276236e-01
6.967213114754098324e-01 7.621494846043729010e-02
7.008196721311475974e-01 -1.248902424842062847e-01
7.049180327868852514e-01 -3.158434902578427517e-01
7.090163934426230163e-01 -4.701518762239606519e-01
7.131147540983606703e-01 -5.647953858908528746e-01
7.172131147540984353e-01 -5.824947917701678302e-01
7.213114754098360892e-01 -5.171180768679637385e-01
7.254098360655738542e-01 -3.735119217402592118e-01
7.295081967213115082e-01 -1.695185841874220500e-01
7.336065573770492731e-01 6.722602238381167328e-02
7.377049180327869271e-01 3.001328638226817280e-01
7.418032786885245811e-01 4.912519355014167144e-01
7.459016393442623460e-01 6.059273486631118200e-01
7.500000000000000000e-01 6.206754796485817183e-01
7.540983606557377650e-01 5.246797846732137449e-01
7.581967213114754189e-01 3.265367207697291163e-01
7.622950819672131839e-01 5.516414301128105824e-02
7.663934426229508379e-01 -2.399818557255325446e-01
7.704918032786886029e-01 -5.000064437033264753e-01
7.745901639344262568e-01 -6.641941530634505320e-01
7.786885245901640218e-01 -6.845587934322421297e-01
7.827868852459016757e-01 -5.380954578463986726e-01
7.868852459016393297e-01 -2.450621648775258288e-01
7.909836065573770947e-01 1.324049796571529491e-01
7.950819672131147486e-01 4.973759093609089188e-01
7.991803278688525136e-01 7.383153740139951626e-01
8.032786885245901676e-01 7.540522251002613752e-01
8.073770491803279326e-01 4.987288872068252887e-01
8.114754098360655865e-01 1.558055817976461595e-02
8.155737704918033515e-01 -5.333441424594883573e-01
8.196721311475410054e-01 -8.851837453594431082e-01
8.237704918032787704e-01 -7.782117079583333874e-01
8.278688524590164244e-01 -1.586308980848314953e-01
8.319672131147541894e-01 6.519228364741812554e-01
8.360655737704918433e-01 1.000000000000000000e+00
8.401639344262294973e-01 3.975618080102363838e-01
8.442622950819672623e-01 -6.909274451479856527e-01
8.483606557377049162e-01 -8.636665370368613592e-01
8.524590163934426812e-01 2.362048190458067576e-01
8.565573770491803351e-01 7.540361496160177257e-01
8.606557377049181001e-01 -1.140919998440843991e-01
8.647540983606557541e-01 -4.877172551008421841e-01
8.688524590163935191e-01 1.080452805358145113e-01
8.729508196721311730e-01 2.775846279544449402e-01
8.770491803278689380e-01 -8.259568972637661155e-02
8.811475409836065920e-01 -1.590202442850606745e-01
8.852459016393443569e-01 7.295922705117434404e-02
8.893442622950820109e-01 8.207158116931177749e-02
8.934426229508196649e-01 -5.569626601653754339e-02
8.975409836065574298e-01 -3.462495415663431608e-02
9.016393442622950838e-01 3.790344990843572820e-02
9.057377049180328488e-01 1.287834162895505098e-02
9.098360655737705027e-01 -2.209105893873039225e-02
9.139344262295082677e-01 -3.114706851895152149e-03
9.180327868852459217e-01 1.348874943310667332e-02
9.221311475409836866e-01 1.054395298031550899e-03
9.262295081967213406e-01 -5.951070325557954871e-03
9.303278688524591056e-01 9.844551752756839063e-04
9.344262295081967595e-01 3.566084619276285381e-03
9.385245901639345245e-01 -7.262621826135160852e-04
9.426229508196721785e-01 -1.290294867079722031e-03
9.467213114754098324e-01 4.141932469549179240e-04
9.508196721311475974e-01 5.016838838059475359e-04
9.549180327868852514e-01 -3.823251386167084262e-04
9.590163934426230163e-01 -2.868917880027251933e-04
9.631147540983606703e-01 3.723573793785435535e-05
9.672131147540984353e-01 5.666383781804412457e-05
9.713114754098360892e-01 -5.264488920640506784e-05
9.754098360655738542e-01 -1.314307359492589524e-05
9.795081967213115082e-01 -9.094536348959650267e-06
9.836065573770492731e-01 -7.658013842882081704e-06
9.877049180327869271e-01 -1.210974679638291924e-05
9.918032786885246921e-01 -4.665372327157717042e-06
9.959016393442623460e-01 -2.014733248744445259e-06
1.000000000000000000e+00 -0.000000000000000000e+00
